P:-96484.82 -102583.41309602474 -96491.59169090408 0
P:-96384.67 -102595.83832949326 -96389.31004651063 0
P:-96282.61 -102599.0670643703 -96283.91374331797 0
P:-96185.83 -102592.2656206809 -96184.08123618273 0
P:-96086.39 -102574.74142035762 -96080.90238494243 0
P:-95991.79 -102549.09230318315 -95984.6524506702 0
P:-95902.50 -102520.21531597784 -95893.00031187384 0
P:-95813.43 -102471.0491790145 -95796.76478407827 0
P:-95737.88 -102397.7234993612 -95714.83241779546 0
P:-95682.57 -102305.81689675558 -95654.87500777144 0
P:-95645.40 -102207.29109777637 -95616.21471743524 0
P:-95611.79 -102110.68683284329 -95582.85362299906 0
P:-95571.20 -102025.44307216506 -95544.27816401736 0
P:-95515.49 -101946.82810131843 -95491.65244542816 0
P:-95446.68 -101877.96540908518 -95426.61633177444 0
P:-95369.78 -101816.21606982467 -95351.27262533203 0
P:-95291.45 -101754.1920684782 -95272.96019578082 0
P:-95211.43 -101691.97674676045 -95193.69237909587 0
P:-95130.79 -101643.6618362992 -95117.69660523013 0
P:-95034.26 -101609.24877136627 -95028.02610797224 0
P:-94935.45 -101594.74831131124 -94935.53937658665 0
P:-94836.82 -101599.20636322403 -94843.71715454798 0
P:-94739.49 -101617.38772294912 -94748.32435019802 0
P:-94639.22 -101634.28579835064 -94643.61237632122 0
P:-94539.57 -101632.41450114668 -94537.5771522148 0
P:-94442.14 -101609.34930261446 -94433.67831381095 0
P:-94351.08 -101565.91642566638 -94336.48220692865 0
P:-94269.32 -101506.18773360539 -94250.84735593533 0
P:-94190.02 -101442.3893147028 -94171.55935613035 0
P:-94105.85 -101389.32515628671 -94092.77306812706 0
P:-94014.82 -101358.23676376184 -94009.28245369425 0
P:-93916.55 -101348.80641006709 -93919.32549200958 0
P:-93816.93 -101357.32802830407 -93822.85363379768 0
P:-93714.76 -101369.48841106718 -93720.67042971951 0
P:-93617.38 -101381.06993439033 -93623.2576105648 0
P:-93519.05 -101392.75841106719 -93524.9604297195 0
P:-93419.92 -101404.50841106719 -93425.83042971948 0
P:-93320.55 -101416.29959976983 -93326.44043581466 0
P:-93221.04 -101428.09035796429 -93226.91402665121 0
P:-93120.90 -101439.95031328771 -93126.77440506847 0
P:-93022.65 -101451.58069141136 -93028.51119929017 0
P:-92923.24 -101462.77266434627 -92928.05837102687 0
P:-92823.54 -101464.08339079873 -92823.06506461778 0
P:-92722.14 -101447.74606431263 -92717.0453710497 0
P:-92624.88 -101424.7282573703 -92619.25640457205 0
P:-92527.30 -101401.60998366254 -92521.80622044422 0
P:-92431.17 -101378.79368540106 -92425.49721660078 0
P:-92333.14 -101355.65386894233 -92327.57013409858 0
P:-92236.71 -101332.88297242626 -92231.1363296462 0
P:-92138.44 -101309.67843083342 -92132.8171351259 0
P:-92041.27 -101286.72989026735 -92035.66328909906 0
P:-91943.28 -101263.55679458933 -91937.6402514033 0
P:-91847.16 -101240.86297242627 -91841.58632964622 0
P:-91749.18 -101217.76369814045 -91743.61940888909 0
P:-91652.86 -101195.05531768563 -91647.31629283965 0
P:-91554.59 -101171.89748579887 -91549.06553491305 0
P:-91458.29 -101149.20531768564 -91452.73629283966 0
P:-91360.77 -101126.2206189875 -91355.176366884 0
P:-91268.96 -101104.57442318833 -91263.40248866158 0
P:-91166.23 -101080.38514756956 -91160.67556896323 0
P:-91067.85 -101057.19224604616 -91062.27325093336 0
P:-90970.44 -101034.10989026735 -90964.83328909906 0
P:-90873.21 -101011.1106189875 -90867.616366884 0
P:-90775.31 -100988.00134704259 -90769.71944520064 0
P:-90677.96 -100965.03151900053 -90672.37017275096 0
P:-90579.52 -100941.78151900053 -90573.93017275096 0
P:-90483.22 -100919.08151900052 -90477.63017275096 0
P:-90385.95 -100896.13151900053 -90380.36017275097 0
P:-90288.32 -100873.08006291412 -90282.71401797925 0
P:-90191.00 -100850.11151900054 -90185.41017275096 0
P:-90093.71 -100827.13679458934 -90088.07025140332 0
P:-89996.46 -100804.16459364718 -89990.90321320473 0
P:-89899.29 -100781.14606220351 -89893.63717561997 0
P:-89801.26 -100757.97752631172 -89795.62332772081 0
P:-89703.87 -100734.99151900053 -89698.28017275096 0
P:-89606.29 -100711.94314357142 -89600.71705552167 0
P:-89509.02 -100688.98151900053 -89503.43017275096 0
P:-89411.82 -100666.01297242627 -89406.24632964621 0
P:-89314.59 -100643.02843083342 -89308.96713512587 0
P:-89217.07 -100619.99061898749 -89211.476366884 0
P:-89119.33 -100600.07672821492 -89116.11612348561 0
P:-89020.48 -100593.08963420756 -89022.72752163697 0
P:-88919.91 -100601.87290529598 -88927.63513103437 0
P:-88823.73 -100625.9546823845 -88836.88460429964 0
P:-88732.54 -100665.01891940775 -88750.7261732295 0
P:-88648.17 -100718.49974186739 -88669.9369939164 0
P:-88568.96 -100779.1816952115 -88591.08938054135 0
P:-88487.65 -100838.9886697919 -88507.36769897577 0
P:-88392.51 -100890.23782971078 -88406.8488828619 0
P:-88297.12 -100920.7570636169 -88305.96746046565 0
P:-88198.35 -100933.55323810768 -88201.40924154976 0
P:-88099.32 -100929.18848181934 -88097.86825191496 0
P:-87999.95 -100917.23249153275 -87997.91075104295 0
P:-87901.21 -100905.20371903382 -87899.20074856449 0
P:-87800.93 -100892.98327865572 -87798.91715448229 0
P:-87703.45 -100881.14644293326 -87701.49316641525 0
P:-87608.23 -100869.54170132877 -87606.17434877773 0
P:-87511.57 -100857.77528017569 -87509.59355702728 0
P:-87405.77 -100844.66448180062 -87403.3808011307 0
P:-87308.96 -100824.74066925954 -87301.98684918547 0
P:-87217.62 -100785.10418539477 -87204.10910239599 0
P:-87135.36 -100727.98148393871 -87117.29639517036 0
P:-87057.02 -100669.50772497576 -87040.19473268573 0
P:-86976.64 -100629.255854207 -86966.74345972486 0
P:-86880.02 -100608.59059095541 -86878.86858720619 0
P:-86774.85 -100614.92111876638 -86783.8815667198 0
P:-86678.90 -100648.44297122046 -86696.93528978298 0
P:-86595.09 -100704.30062613945 -86617.28667808705 0
P:-86514.22 -100763.6119536683 -86532.83547299997 0
P:-86422.98 -100803.33837579229 -86432.5006624767 0
P:-86322.40 -100812.51187886584 -86322.23538974405 0
P:-86233.62 -100795.85342430284 -86227.13928603638 0
P:-86131.62 -100760.91064229688 -86121.75586719642 0
P:-86037.60 -100724.3136075032 -86028.64677255323 0
P:-85940.49 -100700.22074254748 -85936.31933449733 0
P:-85841.76 -100679.71357125598 -85835.77391987224 0
P:-85747.53 -100651.58082865868 -85740.12490227676 0
P:-85652.48 -100633.31012435028 -85651.8925636013 0
P:-85547.78 -100640.928326635 -85557.71695265916 0
P:-85454.65 -100672.83875643248 -85469.83068830725 0
P:-85362.40 -100710.05159627818 -85373.71868999429 0
P:-85263.89 -100725.1899800938 -85265.94274996516 0
P:-85164.71 -100709.5819999123 -85157.48686386306 0
P:-85073.85 -100663.7053843021 -85057.96471946253 0
P:-85002.51 -100595.80412554128 -84980.02303073237 0
P:-84897.80 -100421.31462009743 -84872.1300844923 0
P:-84834.46 -100345.1752338774 -84812.39976718291 0
P:-84756.43 -100289.19631398015 -84741.70072636944 0
P:-84663.30 -100254.79188477753 -84656.90126713974 0
P:-84566.08 -100237.1853369286 -84563.17601125853 0
P:-84466.69 -100222.14189771988 -84463.7232871959 0
P:-84368.08 -100207.11245437725 -84365.12694688224 0
P:-84268.60 -100191.95995710079 -84265.6005832061 0
P:-84170.04 -100177.53288547946 -84168.01395261614 0
P:-84070.10 -100174.99712131525 -84075.58460339779 0
P:-83974.38 -100197.22199228276 -83988.0983420791 0
P:-83879.85 -100235.7745590254 -83893.56158268904 0
P:-83780.84 -100262.66393873624 -83786.4042106474 0
P:-83683.54 -100259.07402190832 -83679.55017292005 0
P:-83589.80 -100225.75437235963 -83577.39182642795 0
P:-83506.12 -100162.85974786061 -83485.84294263605 0
P:-83439.85 -100084.99043955783 -83416.12425908947 0
P:-83376.14 -100012.30945215154 -83354.54581581929 0
P:-83297.85 -99955.60057222484 -83283.14797368649 0
P:-83206.99 -99913.90677204532 -83196.03749059224 0
P:-83115.61 -99874.79703546783 -83104.59473478435 0
P:-83023.45 -99835.33224544454 -83012.46689636001 0
P:-82932.54 -99796.42961729837 -82921.60416306417 0
P:-82839.55 -99756.29474330359 -82828.2972529378 0
P:-82750.85 -99707.09664425008 -82734.58390562303 0
P:-82676.10 -99636.78946254872 -82653.36950952867 0
P:-82618.96 -99546.67350754778 -82591.522504189 0
P:-82585.19 -99446.56409608816 -82555.1311302438 0
P:-82567.28 -99345.71340723807 -82536.70803155084 0
P:-82546.11 -99253.30535072733 -82516.56248621696 0
P:-82506.65 -99166.04701680613 -82479.52374862031 0
P:-82457.33 -99080.84666391787 -82430.79710632873 0
P:-82407.31 -98995.1835712552 -82380.97770551693 0
P:-82350.25 -98917.25394850898 -82327.07165087032 0
P:-82278.29 -98852.50777720529 -82260.11257021582 0
P:-82193.54 -98802.79601647354 -82180.92350106673 0
P:-82102.68 -98762.87012687686 -82091.62866066436 0
P:-82010.48 -98723.11438041444 -81999.39533569246 0
P:-81921.09 -98677.8911343723 -81906.1277696679 0
P:-81844.23 -98608.50181137418 -81821.66393926935 0
P:-81789.24 -98517.68403516996 -81761.30405494837 0
P:-81760.14 -98410.81033279217 -81729.50411359294 0
P:-81751.61 -98309.59024475273 -81720.66283840661 0
P:-81740.29 -98214.87012292646 -81709.9386120974 0
P:-81709.10 -98131.61777813728 -81681.43516691183 0
P:-81659.24 -98049.52976571934 -81633.43539914582 0
P:-81602.51 -97957.05142643287 -81575.66488247388 0
P:-81564.88 -97859.8745480774 -81535.16683290277 0
P:-81544.70 -97758.83350887585 -81514.22932736312 0
P:-81526.99 -97660.13146526463 -81496.50354787681 0
P:-81509.29 -97561.48830375438 -81478.80119802471 0
P:-81491.55 -97463.14145380103 -81461.06175916175 0
P:-81471.55 -97367.12500780758 -81441.56873319426 0
P:-81376.87 -97213.60393862908 -81355.68957723601 0
P:-81294.68 -97159.98178553856 -81281.64599970885 0
P:-81190.52 -97126.7388697562 -81184.69590391182 0
P:-81101.76 -97105.72224604618 -81096.18325093336 0
P:-81003.51 -97082.44224604616 -80997.93325093336 0
P:-80907.40 -97059.66061898749 -80901.806366884 0
P:-80810.34 -97036.31705848275 -80804.28792238228 0
P:-80715.30 -97005.6538213584 -80705.13612251112 0
P:-80624.85 -96958.26010714284 -80609.55437619537 0
P:-80544.58 -96896.42045264004 -80525.01497252275 0
P:-80475.98 -96821.58350724964 -80452.43971380277 0
P:-80418.94 -96733.2361732295 -80392.18108059224 0
P:-80375.51 -96639.36134306985 -80347.18128269809 0
P:-80336.58 -96547.3275466176 -80308.1883680612 0
P:-80296.79 -96453.4224886003 -80268.41470394735 0
P:-80253.11 -96361.69408868745 -80226.09050896444 0
P:-80198.62 -96281.13140122584 -80174.37155162913 0
P:-80131.00 -96209.03281036543 -80110.21296500889 0
P:-80062.92 -96155.03222776524 -80045.5694896299 0
P:-79979.17 -96100.3668643487 -79963.29701515655 0
P:-79895.93 -96047.29154370839 -79880.39015881818 0
P:-79809.82 -96003.67844337893 -79798.99857503097 0
P:-79713.99 -95974.96248524977 -79708.09987683213 0
P:-79616.65 -95949.32026768112 -79608.91112637232 0
P:-79524.55 -95910.21289889724 -79511.61742444518 0
P:-79438.40 -95854.67395215707 -79420.7824593629 0
P:-79364.29 -95787.18242337271 -79342.74833670388 0
P:-79296.77 -95699.99562397112 -79271.45017328802 0
P:-79248.42 -95609.20229288543 -79220.35745740937 0
P:-79216.09 -95515.5450983223 -79186.26205361648 0
P:-79155.33 -95217.49574749883 -79124.95574523848 0
P:-79135.96 -95119.7482582007 -79105.58624072539 0
P:-79116.57 -95021.892003783 -79086.19698087046 0
P:-79097.05 -94923.4651323849 -79066.68958417184 0
P:-79057.82 -94725.55451088659 -79027.44946061667 0
P:-79038.55 -94628.52513238491 -79008.18958417184 0
P:-79018.85 -94529.04887586822 -78988.47636270076 0
P:-78980.24 -94334.02262245506 -78949.86710323302 0
P:-78960.99 -94236.48513053874 -78930.60562356001 0
P:-78941.58 -94138.23200378302 -78911.20698087047 0
P:-78920.46 -94043.84540144687 -78890.61395516565 0
P:-78881.17 -93957.65951434038 -78854.99163635506 0
P:-78820.59 -93889.82786227787 -78800.10504106959 0
P:-78734.35 -93836.98639620323 -78722.31262083907 0
P:-78645.04 -93811.34196844915 -78641.75659276193 0
P:-78542.95 -93808.19742341137 -78547.28974456777 0
P:-78444.07 -93817.93677923703 -78449.56781659038 0
P:-78342.92 -93828.70153137814 -78348.302477473 0
P:-78242.89 -93833.15501244804 -78243.30593932664 0
P:-78144.80 -93814.20835536595 -78136.9627951934 0
P:-78054.71 -93769.6554728286 -78039.31452554576 0
P:-77975.43 -93704.51535257744 -77955.30408503616 0
P:-77902.10 -93636.91788040225 -77881.75911001043 0
P:-77828.05 -93567.60302002366 -77807.16147151488 0
P:-77759.74 -93487.34635970452 -77735.3372707736 0
P:-77706.48 -93398.0017864802 -77679.11220379011 0
P:-77582.27 -92923.01662611318 -77554.51594306118 0
P:-77529.04 -92840.4683768809 -77504.30622889462 0
P:-77468.62 -92760.32753801771 -77444.28071059362 0
P:-77408.64 -92680.6023408045 -77384.2767931573 0
P:-77346.62 -92598.36122012249 -77322.33619788746 0
P:-77283.80 -92527.74985110792 -77262.78686724548 0
P:-77203.25 -92471.88995224617 -77188.84759508201 0
P:-77111.46 -92436.98894784386 -77104.94249660385 0
P:-77013.01 -92423.93663546766 -77014.26425260626 0
P:-76912.90 -92430.47090804555 -76918.97205230892 0
P:-76814.21 -92442.44811936603 -76819.16026069621 0
P:-76715.45 -92445.9359373732 -76716.62502032075 0
P:-76613.76 -92440.99830047372 -76613.8591892288 0
P:-76515.10 -92435.38258405402 -76515.38731041322 0
P:-76413.88 -92435.84099341098 -76418.74772765712 0
P:-76309.58 -92455.88448136544 -76321.84558897949 0
P:-76223.92 -92491.07056546934 -76241.87352843536 0
P:-76139.45 -92541.2424616526 -76158.98837812731 0
P:-76054.31 -92594.57014218705 -76073.81611964639 0
P:-75968.04 -92647.70671828475 -75985.58489769533 0
P:-75875.53 -92687.05378201278 -75885.61507126676 0
P:-75773.80 -92700.46955761634 -75775.53275364966 0
P:-75685.18 -92688.73916088254 -75679.5702118462 0
P:-75592.57 -92651.15647459692 -75579.11223346915 0
P:-75504.60 -92583.54023281709 -75484.01476612261 0
P:-75435.46 -92507.25699027747 -75412.68969273154 0
P:-75369.40 -92432.2874150243 -75346.76318726885 0
P:-75299.35 -92368.22783459924 -75281.1397163398 0
P:-75212.05 -92324.76438127279 -75202.40438899923 0
P:-75115.42 -92297.23466643327 -75108.85652245463 0
P:-75015.91 -92270.36582177825 -75009.26377688508 0
P:-74902.76 -92239.86200012872 -74896.16661519058 0
P:-74825.76 -92219.09548059327 -74819.19955387646 0
P:-74729.11 -92192.61787475823 -74722.11696894842 0
P:-74636.23 -92152.74159099009 -74622.19222743572 0
P:-74555.53 -92088.17938021048 -74534.44563826839 0
P:-74489.10 -92008.68347885965 -74465.19502678802 0
P:-74427.45 -91937.52346163717 -74405.69173413061 0
P:-74346.27 -91875.58499966077 -74330.11675022355 0
P:-74261.67 -91829.86628786274 -74249.10434593934 0
P:-74169.09 -91794.79 -74161.85 0
P:-74071.90 -91776.29740627935 -74069.3788746489 0
P:-73970.79 -91761.33622369032 -73966.42425516808 0
P:-73875.24 -91731.55705655155 -73864.96407752526 0
P:-73787.24 -91681.50215196938 -73770.91214922634 0
P:-73710.54 -91613.34586574163 -73688.9818962554 0
P:-73646.62 -91529.47335761767 -73621.42641215118 0
P:-73592.94 -91448.57909529092 -73567.51536297349 0
P:-73531.78 -91370.90591496385 -73509.29464742256 0
P:-73459.05 -91309.43790976233 -73441.31393697402 0
P:-73372.86 -91253.1268643487 -73356.97701515656 0
P:-73293.76 -91201.89415043453 -73277.83732909641 0
P:-73207.54 -91146.06022477013 -73191.60126634642 0
P:-73123.83 -91091.79415043454 -73107.89732909642 0
P:-73039.51 -91037.05746454594 -73023.52161044595 0
P:-72955.98 -90982.86533343306 -72940.01372253837 0
P:-72872.36 -90928.54533343305 -72856.40372253837 0
P:-72787.54 -90873.35466838749 -72771.50197678011 0
P:-72701.88 -90823.48343485189 -72689.24827663346 0
P:-72608.71 -90794.77701571007 -72604.90168426216 0
P:-72509.39 -90788.8899415004 -72511.29100017551 0
P:-72408.10 -90783.43341822542 -72405.15330024855 0
P:-72312.69 -90750.61397665206 -72300.17001143996 0
P:-72230.29 -90689.87839915253 -72210.7758058702 0
P:-72156.86 -90623.1548377498 -72137.22539092127 0
P:-72075.42 -90570.69445690118 -72062.20364243937 0
P:-71977.96 -90541.4855721825 -71974.57757257091 0
P:-71881.26 -90538.77426904844 -71886.3124553221 0
P:-71783.79 -90552.27283672916 -71790.90532745434 0
P:-71682.77 -90568.05539339935 -71689.8489668372 0
P:-71584.45 -90583.3959634609 -71591.51530016823 0
P:-71485.45 -90598.79898230359 -71492.46576662635 0
P:-71388.84 -90613.82283672916 -71395.95532745434 0
P:-71287.84 -90629.47356110206 -71294.60850892293 0
P:-71190.61 -90637.76968135241 -71192.8410205246 0
P:-71089.73 -90625.07659233408 -71084.30468999213 0
P:-70994.08 -90591.84148909646 -70983.58625446213 0
P:-70903.71 -90553.99710418124 -70893.06708426913 0
P:-70806.96 -90522.75353251366 -70801.1850601594 0
P:-70706.60 -90510.91880304675 -70707.23056009364 0
P:-70608.26 -90509.14872555019 -70609.79797233538 0
P:-70507.27 -90507.64848860736 -70508.77177304873 0
P:-70407.75 -90506.17898449399 -70409.33751269382 0
P:-70307.29 -90509.98516466217 -70313.47764326708 0
P:-70210.99 -90533.73310892207 -70225.41525561042 0
P:-70123.86 -90579.17545690523 -70145.6427188191 0
P:-70054.23 -90640.43126775863 -70082.05503739837 0
P:-70000.98 -90719.26024632705 -70032.25243443575 0
P:-69954.64 -90812.32236923714 -69985.74806849143 0
P:-69900.12 -90901.16678522294 -69927.24895402588 0
P:-69827.12 -90974.12797278461 -69848.44256393016 0
P:-69740.27 -91025.51968575806 -69755.02468261913 0
P:-69646.46 -91060.88232042825 -69659.48518631632 0
P:-69552.02 -91094.05510026446 -69563.96937360225 0
P:-69453.36 -91118.18582074824 -69459.72919273034 0
P:-69353.06 -91123.11641006709 -69354.28450799042 0
P:-69252.21 -91115.77721424517 -69250.27957411359 0
P:-69153.09 -91101.76162747368 -69150.28829739962 0
P:-69055.94 -91087.54921339336 -69053.27061242913 0
P:-68956.95 -91073.00826298454 -68954.09556195704 0
P:-68858.05 -91058.46022026078 -68855.22875439664 0
P:-68758.92 -91043.94587517939 -68756.18740614508 0
P:-68660.29 -91029.36022026077 -68657.46875439661 0
P:-68558.73 -91015.99124955239 -68557.87521778485 0
P:-68477.42 -91014.84880077363 -68481.70011471168 0
P:-68362.76 -91035.19233882429 -68374.5644333234 0
P:-68270.34 -91072.31269951515 -68288.27966175423 0
P:-68187.95 -91125.80492176575 -68211.41493466092 0
P:-68117.02 -91195.4726114619 -68144.11545961013 0
P:-68055.51 -91268.72868779924 -68082.82327858765 0
P:-67991.30 -91345.57884871765 -68018.34299150346 0
P:-67922.76 -91421.04025876588 -67947.69175846728 0
P:-67847.24 -91489.15214470311 -67869.69706171361 0
P:-67765.40 -91549.19866979189 -67785.11769897577 0
P:-67680.43 -91599.0976282855 -67697.39295093455 0
P:-67587.29 -91641.91209376165 -67601.84664144505 0
P:-67493.01 -91680.44148909647 -67507.51374553786 0
P:-67316.07 -91752.72583374487 -67330.54311571876 0
P:-67217.90 -91792.72920978129 -67232.41931151762 0
P:-67125.23 -91830.52542347393 -67139.82282165125 0
P:-67039.57 -91868.9499223652 -67058.01988039105 0
P:-66956.76 -91925.68395787336 -66981.43373716237 0
P:-66892.53 -91996.57444117682 -66922.18352580152 0
P:-66847.58 -92080.6347111633 -66880.53457163394 0
P:-66815.62 -92182.4021788939 -66849.3781161125 0
P:-66788.90 -92272.99399995193 -66822.08427793601 0
P:-66749.24 -92368.38850907612 -66780.12781409585 0
P:-66693.46 -92456.73946497274 -66721.5662046765 0
P:-66630.85 -92535.51376708085 -66658.52696135457 0
P:-66567.63 -92613.82868779925 -66594.95327858764 0
P:-66497.86 -92688.37549823786 -66520.8015431983 0
P:-66415.12 -92746.584421246 -66432.14884894382 0
P:-66321.86 -92785.25629412674 -66332.40741411217 0
P:-66224.05 -92806.29124374007 -66231.9403628126 0
P:-66120.60 -92828.7104149255 -66132.17307255184 0
P:-66028.67 -92865.14483182877 -66046.59579510745 0
P:-65950.74 -92915.14060293534 -65973.9118869032 0
P:-65809.00 -93057.32706542968 -65833.93506324566 0
P:-65731.96 -93123.34913773398 -65752.21234147818 0
P:-65642.56 -93174.64988279146 -65657.06766882245 0
P:-65547.73 -93207.14126505608 -65558.03288398642 0
P:-65450.80 -93230.48297242627 -65460.373670353794 0
P:-65352.65 -93253.59531768564 -65362.20370716034 0
P:-65254.43 -93276.74531768564 -65263.97370716034 0
P:-65157.70 -93299.57314357143 -65167.27294447832 0
P:-65060.57 -93322.52927284277 -65070.49313190881 0
P:-64964.81 -93350.05122960887 -64978.12935773845 0
P:-65878.38 -92983.22312149934 -65904.56886153473 0
P:-64871.21 -93387.20929741951 -64886.09305817861 0
P:-64780.69 -93428.31345769517 -64798.62828725865 0
P:-64700.86 -93480.34611392788 -64724.58756824049 0
P:-64632.93 -93548.2581263041 -64661.4909046623 0
P:-64580.71 -93629.13079671744 -64611.96171892069 0
P:-64538.35 -93717.32250940776 -64570.69677204532 0
P:-64502.19 -93809.41222746643 -64535.4086641458 0
P:-64472.93 -93903.92784929021 -64506.83948193393 0
P:-64451.51 -93996.28694967683 -64485.9037831105 0
P:-64436.26 -94093.39401704154 -64471.017982467274 0
P:-64428.17 -94191.56796502008 -64463.13624032716 0
P:-64426.56 -94290.9964999992 -64461.559998375 0
P:-64426.52 -94390.34274996517 -64461.51998009379 0
P:-64426.37 -94490.45624998731 -64461.36998984376 0
P:-64426.19 -94590.77649999919 -64461.189998375005 0
P:-64426.03 -94690.74899982451 -64461.02994150039 0
P:-64426.21 -94791.20827650886 -64435.21151214848 0
P:-64430.61 -94890.21554308999 -64439.5951653538 0
P:-64440.49 -94989.72631101753 -64449.44070495574 0
P:-64451.15 -95089.26095303109 -64460.119287848094 0
P:-64451.28 -95193.35205230892 -64486.03090804553 0
P:-64424.99 -95302.15805594866 -64457.41407244046 0
P:-64377.89 -95392.92298484345 -64407.626864348706 0
P:-64216.22 -95637.67280715854 -64245.74208639822 0
P:-64160.96 -95721.24303133834 -64190.4985474625 0
P:-64103.26 -95808.54008578495 -64132.750635549455 0
P:-64048.04 -95891.82257721313 -64077.5456164835 0
P:-63993.41 -95974.35008578494 -64022.90063554946 0
P:-63935.65 -96061.63656315804 -63965.16960060329 0
P:-63877.73 -96149.18280715853 -63907.25208639823 0
P:-63826.27 -96226.96031882512 -63855.777113156626 0
P:-63660.79 -96477.02882242414 -63690.29810447463 0
P:-63605.21 -96561.00108075477 -63634.726608288285 0
P:-63550.05 -96644.39008578494 -63579.54063554946 0
P:-63495.04 -96727.46905082824 -63524.57457054117 0
P:-63439.91 -96810.76529416874 -63469.44705303184 0
P:-63384.43 -96894.53810243907 -63413.89865330011 0
P:-63329.13 -96978.16008578494 -63358.620635549465 0
P:-63274.07 -97061.26098332781 -63303.62649287041 0
P:-63219.01 -97144.83743160461 -63248.59540703745 0
P:-63161.81 -97229.55982868839 -63189.490138130284 0
P:-63090.65 -97304.05174264274 -63111.967342640775 0
P:-63001.14 -97356.52425447071 -63014.6425426631 0
P:-62906.57 -97386.32507225123 -62917.582909792196 0
P:-62811.06 -97413.38069040731 -62821.93747219062 0
P:-62713.49 -97436.71293667583 -62720.43987661327 0
P:-62613.85 -97441.53792405843 -62613.932710667264 0
P:-62515.56 -97424.68200012873 -62508.96661519058 0
P:-62422.49 -97386.79038746978 -62409.49283265431 0
P:-62338.19 -97329.37943082048 -62319.79487500375 0
P:-62264.71 -97259.61673012657 -62243.44201844603 0
P:-62193.13 -97190.65922095414 -62172.93525367805 0
P:-62113.63 -97133.87713273919 -62098.355800540965 0
P:-62021.90 -97093.31713361047 -62012.90840956978 0
P:-61925.59 -97069.12852083419 -61920.75941868914 0
P:-61829.01 -97049.11858122666 -61824.30742172184 0
P:-61730.20 -97028.71793394642 -61725.484305865066 0
P:-61633.59 -97003.48259748056 -61625.22829846351 0
P:-61542.56 -96959.08247129196 -61527.516723383196 0
P:-61462.61 -96895.94887782792 -61442.74871329864 0
P:-61389.04 -96827.7832241866 -61368.550058376284 0
P:-61315.10 -96759.03696037474 -61294.593337469305 0
P:-61241.18 -96690.38510757881 -61220.75361366504 0
P:-61165.69 -96616.85373716237 -61143.71604212665 0
P:-61108.04 -96534.61897911364 -61081.492648697764 0
P:-61070.22 -96436.07915119395 -61040.387695382706 0
P:-61050.95 -96333.53487253979 -61020.29736980596 0
P:-61035.57 -96238.4051323849 -61005.19958417184 0
P:-61006.34 -96147.13952069095 -60977.84734566791 0
P:-60959.88 -96067.45894177485 -60934.67337851958 0
P:-60896.00 -95996.2465088752 -60874.88250950655 0
P:-60816.44 -95936.78885571894 -60800.33782113511 0
P:-60732.65 -95886.23485756264 -60717.70398676175 0
P:-60647.43 -95827.09229527 -60629.1368503269 0
P:-60575.45 -95753.2826114619 -60552.354540389875 0
P:-60518.54 -95665.68915315319 -60491.69917681563 0
P:-60475.35 -95572.6587601685 -60447.142294679354 0
P:-60432.00 -95483.30000201576 -60404.82941361425 0
P:-60382.32 -95398.43609155189 -60356.03718357287 0
P:-60330.97 -95313.07089328356 -60304.70609182107 0
P:-60279.44 -95227.30465669844 -60253.15632144712 0
P:-60228.15 -95141.92465669844 -60201.856321447114 0
P:-60176.51 -95056.05086596057 -60150.23005406752 0
P:-60124.79 -94970.49709879236 -60098.68464871749 0
P:-60068.18 -94892.64013063192 -60044.738052249275 0
P:-59996.69 -94826.8648150942 -59978.18104329157 0
P:-59912.61 -94776.46103194643 -59899.6240962541 0
P:-59821.10 -94743.86702209998 -59814.103960210225 0
P:-59722.00 -94721.28114720482 -59717.20186374635 0
P:-59623.33 -94700.45969678952 -59618.51498350418 0
P:-59526.37 -94680.02772294912 -59521.52564980199 0
P:-59428.49 -94659.38983540596 -59423.675640254136 0
P:-59330.63 -94638.70706361691 -59325.78253953437 0
P:-59231.76 -94617.82772294912 -59226.92564980199 0
P:-59135.81 -94597.57245622805 -59131.02808916212 0
P:-59036.20 -94576.54114720483 -59031.40186374635 0
P:-58939.46 -94555.73188859953 -58934.09771825612 0
P:-58843.63 -94526.660912755 -58833.89881841732 0
P:-58750.26 -94479.25457830288 -58735.35025591191 0
P:-58675.37 -94423.51678164481 -58656.39785656053 0
P:-58600.40 -94344.7715658216 -58577.20117212045 0
P:-58541.62 -94260.38820917843 -58515.96892904902 0
P:-58487.26 -94175.96313363081 -58461.50679226708 0
P:-58432.91 -94091.82298484344 -58407.17313565129 0
P:-58379.52 -94008.96935592778 -58353.76436306196 0
P:-58324.73 -93924.18215871483 -58299.07498807878 0
P:-58270.65 -93840.22097510562 -58244.87898046039 0
P:-58216.42 -93756.20528053747 -58190.68461569791 0
P:-58161.92 -93671.75528053747 -58136.18461569791 0
P:-58106.99 -93586.64676087105 -58081.255570439316 0
P:-58053.10 -93505.16716434984 -58027.98665238352 0
P:-57994.40 -93429.493657222 -57970.970966961395 0
P:-57922.96 -93358.08081214357 -57902.819063054216 0
P:-57844.90 -93298.54076975198 -57828.08911897915 0
P:-57759.43 -93248.59102174203 -57746.147869312284 0
P:-57668.41 -93209.1726799935 -57658.826463895624 0
P:-57573.38 -93180.94737049461 -57567.53977114247 0
P:-57475.73 -93164.48785143322 -57474.02085149849 0
P:-57373.56 -93159.4496815117 -57375.32900222942 0
P:-57274.25 -93159.2399415004 -57276.1510001755 0
P:-57176.64 -93155.76580487465 -57175.359669714766 0
P:-57073.48 -93133.27221045179 -57065.583183875344 0
P:-56985.29 -93092.38174686213 -56971.15667188669 0
P:-56903.20 -93031.21581231817 -56883.535010557665 0
P:-56833.17 -92956.63756824049 -56810.323886072125 0
P:-56767.68 -92880.32697766216 -56744.645402224705 0
P:-56702.94 -92805.06461472844 -56679.94056788897 0
P:-56637.57 -92728.92002019622 -56614.50943475379 0
P:-56572.32 -92653.00537149874 -56549.27402385021 0
P:-56507.34 -92577.4423250706 -56484.3099945285 0
P:-56441.36 -92500.72274891932 -56418.358960929334 0
P:-56379.14 -92428.36274891932 -56356.12896092934 0
P:-56311.85 -92350.13580055616 -56288.832981945234 0
P:-56246.25 -92273.8341941298 -56223.22160084747 0
P:-56181.26 -92198.26884871765 -56158.22700849652 0
P:-56116.10 -92122.48155743559 -56093.10655282342 0
P:-56050.70 -92046.38502747724 -56027.71954735995 0
P:-55986.17 -91971.34114206584 -55963.15757749287 0
P:-55920.49 -91894.87884871765 -55897.45700849652 0
P:-55855.50 -91819.16493466092 -55832.42507823425 0
P:-55790.35 -91743.34884871765 -55767.30700849652 0
P:-55725.12 -91667.34305928 -55702.05347283663 0
P:-55659.43 -91592.98777632673 -55637.17767982888 0
P:-55587.76 -91526.24138540002 -55568.24928114075 0
P:-55506.89 -91468.36689846237 -55490.77483932848 0
P:-55420.20 -91421.55779982096 -55407.69782078875 0
P:-55329.02 -91380.6989131469 -55317.6713172576 0
P:-55238.14 -91340.51771060794 -55226.77859937828 0
P:-55146.16 -91299.75477090482 -55134.79196236348 0
P:-55054.01 -91258.90303238328 -55042.62804197875 0
P:-54961.04 -91217.77184773653 -54949.707956834594 0
P:-54870.57 -91179.49792971338 -54860.55734344626 0
P:-54774.71 -91154.60808032041 -54771.21278591287 0
P:-54674.96 -91147.36783455206 -54676.362730201974 0
P:-54575.26 -91145.45290977055 -54575.57362631373 0
P:-54474.94 -91130.79718681418 -54469.09902067947 0
P:-54381.35 -91095.09449394849 -54368.982719610125 0
P:-54296.93 -91040.88482671992 -54279.62693289214 0
P:-54216.95 -90979.76518868127 -54199.200292760404 0
P:-54132.28 -90929.85214359223 -54119.645665718745 0
P:-54037.46 -90901.47983351194 -54033.41759461744 0
P:-53937.15 -90894.70998984377 -53939.1862499873 0
P:-53836.99 -90894.67933017011 -53837.653405533645 0
P:-53737.26 -90878.47421737786 -53730.23408271085 0
P:-53645.87 -90835.63282377495 -53631.17181005202 0
P:-53568.03 -90783.61008058873 -53551.61919584536 0
P:-53477.08 -90732.49260454602 -53464.70881224128 0
P:-53385.19 -90698.60911463079 -53377.03937464255 0
P:-53289.78 -90668.69621384518 -53281.91594824601 0
P:-53193.79 -90638.5291262417 -53185.873381456746 0
P:-53098.27 -90608.5891262417 -53090.35338145675 0
P:-53002.57 -90578.58742990531 -52994.719834649826 0
P:-52907.86 -90547.24626742079 -52898.50707750439 0
P:-52817.25 -90503.78099117393 -52803.16320275145 0
P:-52732.10 -90443.8732068427 -52714.247659195506 0
P:-52652.65 -90384.22374388622 -52634.93175931149 0
P:-52573.04 -90324.23297614224 -52555.22064363045 0
P:-52492.76 -90264.279696096 -52475.12670500359 0
P:-52407.79 -90213.65020618189 -52394.45722301832 0
P:-52315.53 -90176.90875055511 -52306.19385962121 0
P:-52221.34 -90143.2807271549 -52212.08673621295 0
P:-52129.35 -90105.40468487375 -52117.19663681281 0
P:-52043.01 -90052.1853383218 -52025.8534370331 0
P:-51968.33 -89985.76563807139 -51947.01086290993 0
P:-51901.39 -89904.6202836602 -51877.30216540077 0
P:-51840.56 -89824.74140122584 -51816.31155162912 0
P:-51780.45 -89746.06226582364 -51756.22984316823 0
P:-51719.35 -89666.08069794001 -51695.128645489596 0
P:-51658.26 -89586.00636892616 -51634.042979239784 0
P:-51598.33 -89507.46707740886 -51574.095881268986 0
P:-51537.52 -89427.7950233858 -51513.284313946075 0
P:-51477.02 -89348.54707740886 -51452.78588126899 0
P:-51415.68 -89268.24998719433 -51391.46574688757 0
P:-51355.01 -89188.95095152342 -51330.85951418946 0
P:-51291.24 -89114.39137494072 -51269.04951789479 0
P:-51219.26 -89048.58679524771 -51200.01973929318 0
P:-51138.38 -88991.94218341802 -51122.59645244337 0
P:-51050.74 -88945.84564473861 -51038.75235159163 0
P:-50958.41 -88911.23293434123 -50950.44378319323 0
P:-50860.09 -88884.55718895925 -50853.938951833916 0
P:-50764.10 -88859.97641073795 -50757.93590035608 0
P:-50666.68 -88834.94465291155 -50660.50901908766 0
P:-50567.49 -88813.34083948491 -50564.34198586723 0
P:-50470.71 -88810.78019968119 -50476.12533869515 0
P:-50372.82 -88831.4127739951 -50385.02017650682 0
P:-50278.76 -88864.0336075032 -50291.71322744679 0
P:-50183.04 -88894.05459544309 -50192.69897434249 0
P:-50083.31 -88909.50251473208 -50087.454903264115 0
P:-49983.74 -88911.24998984377 -49985.7037500127 0
P:-49883.58 -88914.80548347272 -49888.863548347275 0
P:-49785.37 -88931.14159348577 -49795.86759153695 0
P:-49691.66 -88963.19053090698 -49707.33874182521 0
P:-49602.79 -89007.16438583712 -49620.05569040736 0
P:-49513.34 -89053.61582294072 -49530.5044432897 0
P:-49425.72 -89099.01578688549 -49442.93379853955 0
P:-49335.96 -89145.15152333351 -49352.231911662595 0
P:-49243.43 -89185.7646034235 -49256.6625638648 0
P:-49147.62 -89216.08248524978 -49157.52012316788 0
P:-49049.17 -89235.94154382906 -49055.793008353474 0
P:-48948.83 -89245.23203685424 -48951.98494876428 0
P:-48849.69 -89244.50073310187 -48850.44923174922 0
P:-48748.70 -89239.48257534941 -48748.98714243933 0
P:-48649.43 -89234.46406283852 -48649.79648449511 0
P:-48549.23 -89229.43341365279 -48549.56351700679 0
P:-48447.67 -89224.30308422829 -48447.987033996855 0
P:-48357.12 -89219.71390175023 -48357.483242440976 0
P:-48250.18 -89214.26357715728 -48250.51675869621 0
P:-48150.23 -89209.18341365279 -48150.56351700679 0
P:-48050.49 -89204.1327429626 -48050.7903843139 0
P:-47957.91 -89197.83724908133 -47956.9400678541 0
P:-47851.08 -89185.71051024974 -47849.00474759109 0
P:-47751.72 -89173.25051024975 -47749.64474759109 0
P:-47652.10 -89160.78130507196 -47650.0411480868 0
P:-47553.40 -89148.40765320815 -47551.27195156027 0
P:-47454.10 -89135.95051024975 -47452.02474759109 0
P:-47353.95 -89123.36966239268 -47351.857948463905 0
P:-47254.97 -89110.9500619232 -47252.89114873974 0
P:-47155.83 -89098.4688610246 -47153.721548805675 0
P:-47057.24 -89085.5397496851 -47054.40557409263 0
P:-46958.74 -89065.35604701319 -46952.78386260491 0
P:-46862.75 -89034.94759909587 -46853.4781228819 0
P:-46770.73 -88995.00777011308 -46758.440269671046 0
P:-46682.68 -88945.55236805134 -46667.42433091046 0
P:-46599.58 -88886.95964258541 -46581.58016553437 0
P:-46523.40 -88821.18432831153 -46503.137949826276 0
P:-46450.54 -88753.34110382038 -46430.06852656098 0
P:-46377.29 -88685.17110382036 -46356.81852656098 0
P:-46302.51 -88621.48187031715 -46283.96475113099 0
P:-46219.68 -88566.88160447768 -46204.635286174926 0
P:-46131.06 -88523.20765728767 -46119.813900123714 0
P:-46037.26 -88490.54401483643 -46029.88563480996 0
P:-45940.62 -88464.69289455787 -45934.23510628965 0
P:-45844.28 -88439.40188477753 -45837.88126713973 0
P:-45747.57 -88414.06147098534 -45741.267907726695 0
P:-45650.15 -88388.44188477752 -45643.75126713973 0
P:-45554.00 -88363.16846760144 -45547.56831034687 0
P:-45456.43 -88337.56449127538 -45450.06118670341 0
P:-45359.57 -88312.12449127538 -45353.20118670341 0
P:-45262.48 -88286.74563187378 -45256.312849444 0
P:-45165.65 -88268.02566853321 -45163.67675986792 0
P:-45065.01 -88266.95900799242 -45069.93030083546 0
P:-44962.91 -88282.13885031294 -44970.8335183036 0
P:-44867.72 -88299.2666470665 -44874.93438362776 0
P:-44767.43 -88307.9580662753 -44768.86578335675 0
P:-44668.60 -88295.37557675186 -44663.27386867804 0
P:-44572.46 -88260.99356673771 -44561.07924658229 0
P:-44485.90 -88211.83281642714 -44470.903908448105 0
P:-44400.10 -88160.25555315486 -44385.025264540636 0
P:-44314.05 -88108.90990910765 -44299.25290591253 0
P:-44228.68 -88058.0353736749 -44213.86524221173 0
P:-44145.15 -88008.40141951684 -44130.27173812348 0
P:-44056.59 -87955.72096462188 -44041.84163720766 0
P:-43969.33 -87905.01019667351 -43955.4721591085 0
P:-43878.15 -87867.81659482302 -43870.36926331712 0
P:-43781.82 -87848.70186507075 -43779.97879505212 0
P:-43680.83 -87847.28513967582 -43685.56905327957 0
P:-43582.48 -87864.97429277733 -43594.02026292593 0
P:-43489.96 -87900.03776781884 -43505.59282542684 0
P:-43398.81 -87941.5129655713 -43414.58713961598 0
P:-43309.82 -87985.3340010067 -43329.19171482479 0
P:-43231.18 -88041.73135022345 -43255.81531558328 0
P:-43165.40 -88112.72347885964 -43193.304973211976 0
P:-43102.93 -88192.88252934192 -43130.44289560512 0
P:-43034.79 -88267.63950603704 -43058.23957753168 0
P:-42951.40 -88329.23957763519 -42969.26897029432 0
P:-42859.31 -88370.84742935166 -42870.9129024733 0
P:-42761.24 -88392.89533692859 -42768.14398874147 0
P:-42663.83 -88406.51563575196 -42670.38387958987 0
P:-42563.71 -88420.4923812085 -42570.32708613524 0
P:-42463.90 -88434.53154382906 -42470.53300835347 0
P:-42365.24 -88448.40966820814 -42371.89620266101 0
P:-42266.74 -88464.95214443983 -42275.65054842652 0
P:-42170.64 -88490.07742428235 -42183.03731156704 0
P:-42078.85 -88524.72176035542 -42094.06672308032 0
P:-41985.58 -88567.2307319848 -42001.58813995311 0
P:-41896.03 -88609.24455736685 -41912.07129188906 0
P:-41804.44 -88652.24271678801 -41820.49520494335 0
P:-41714.40 -88694.58630862398 -41730.37622876319 0
P:-41623.49 -88735.98037820957 -41637.93196823435 0
P:-41528.62 -88770.37201005152 -41540.104627916786 0
P:-41431.96 -88794.51003139021 -41440.14439895934 0
P:-41333.27 -88809.76223230669 -41339.51043292302 0
P:-41234.29 -88822.45264605345 -41240.51723655796 0
P:-41134.73 -88835.29181779412 -41140.973628980086 0
P:-41034.71 -88848.24434600327 -41040.91403783157 0
P:-40929.74 -88863.26113796023 -40937.485141700505 0
P:-40838.18 -88883.65811611249 -40849.172178893896 0
P:-40744.57 -88914.23270709836 -40758.74668522786 0
P:-40652.64 -88954.78682649408 -40669.99921019928 0
P:-40566.32 -89003.01686041513 -40585.21591680156 0
P:-40480.44 -89054.34543101826 -40499.348314364506 0
P:-40390.63 -89109.00925143536 -40411.374173530116 0
P:-40317.96 -89164.95692905862 -40342.78364013337 0
P:-40248.78 -89235.68648755964 -40274.95573660444 0
P:-40179.65 -89309.51025876588 -40204.571758467275 0
P:-40099.04 -89377.88749291914 -40118.67802125441 0
P:-40011.38 -89424.40265850049 -40024.68544300271 0
P:-39916.46 -89452.822950018 -39926.145857703545 0
P:-39818.11 -89476.26368540106 -39827.782783399234 0
P:-39722.37 -89499.14606220351 -39732.01282438002 0
P:-39624.82 -89522.51867972167 -39635.250886937836 0
P:-39527.47 -89554.79381365112 -39543.461561676035 0
P:-39442.37 -89600.6701902721 -39461.747867912745 0
P:-39359.27 -89653.69533832179 -39380.426562966895 0
P:-39284.13 -89715.02440106438 -39310.385434782176 0
P:-39222.89 -89790.49555093698 -39252.1158044655 0
P:-39164.84 -89875.40257620894 -39193.15793125011 0
P:-39094.00 -89956.2998305321 -39116.72021016895 0
P:-39010.23 -90013.2383677191 -39026.30443762543 0
P:-38915.37 -90046.07644303494 -38923.32667307353 0
P:-38817.93 -90051.78519926962 -38817.8873768546 0
P:-38721.20 -90037.16571277469 -38716.963055280634 0
P:-38621.31 -90019.66051516804 -38619.03636740871 0
P:-38520.81 -90016.33103061048 -38524.59202869601 0
P:-38421.91 -90024.96059095542 -38427.06141279382 0
P:-38322.07 -90035.12147990303 -38328.70345965293 0
P:-38225.94 -90056.657746575 -38239.48999872032 0
P:-38136.91 -90100.1656164835 -38157.14257721312 0
P:-38055.10 -90156.97045446122 -38076.1953149579 0
P:-37972.56 -90215.63589924773 -37993.74978538729 0
P:-37891.65 -90273.2885351257 -37912.836096518346 0
P:-37809.85 -90330.8168643487 -37829.732984843446 0
P:-37718.15 -90381.20122960888 -37731.46935773845 0
P:-37624.38 -90404.86674272102 -37629.8781591435 0
P:-37524.93 -90402.49022026078 -37522.10875439663 0
P:-37430.36 -90381.72793712618 -37424.522087446625 0
P:-37329.96 -90357.23961840323 -37324.13897111522 0
P:-37233.88 -90333.8488697562 -37228.05590391183 0
P:-37136.52 -90310.13111372787 -37130.715107157346 0
P:-37039.43 -90286.51353251367 -37033.65506015941 0
P:-36941.65 -90262.6588697562 -36935.825903911835 0
P:-36843.77 -90238.55718895925 -36837.618951833916 0
P:-36756.41 -90212.50093498305 -36747.81377205565 0
P:-36653.86 -90170.49890371399 -36642.563962337284 0
P:-36564.76 -90130.74055485742 -36553.310006851236 0
P:-36477.13 -90091.54287220344 -36465.63283317127 0
P:-36381.80 -90049.00880416634 -36370.33608751383 0
P:-36290.65 -90008.27055485742 -36279.200006851235 0
P:-36198.90 -89967.29001455866 -36187.44879689343 0
P:-36108.24 -89926.75705173863 -36096.76216776521 0
P:-36015.05 -89885.17176438058 -36003.602716687565 0
P:-35925.08 -89845.00880416634 -35913.61608751383 0
P:-35833.97 -89804.33759340268 -35822.50337896315 0
P:-35742.72 -89763.56759340268 -35731.25337896315 0
P:-35651.40 -89722.76001455866 -35639.94879689343 0
P:-35560.44 -89682.11990045925 -35548.92620801528 0
P:-35468.75 -89641.11990045925 -35457.236208015274 0
P:-35376.90 -89600.16592865453 -35365.47205913494 0
P:-35285.69 -89559.43759340269 -35274.22337896315 0
P:-35193.16 -89518.07462810415 -35181.67675241022 0
P:-35102.21 -89477.51472074701 -35090.7793471877 0
P:-35011.26 -89436.88759340269 -34999.79337896315 0
P:-34924.96 -89398.32584010657 -34913.47945967293 0
P:-34828.26 -89355.15001455866 -34816.808796893434 0
P:-34748.07 -89319.35055485742 -34736.620006851226 0
P:-34646.43 -89274.01592865454 -34635.01205913494 0
P:-34554.26 -89232.81759340268 -34542.79337896315 0
P:-34463.50 -89192.33759340268 -34452.03337896315 0
P:-34369.35 -89150.29001455866 -34357.888796893436 0
P:-34280.10 -89110.45176438057 -34268.65271668756 0
P:-34198.25 -89073.90705173863 -34186.78216776521 0
P:-34097.33 -89028.83592865455 -34085.912059134935 0
P:-34006.45 -88988.27176438057 -33995.002716687566 0
P:-33914.45 -88947.14880416634 -33902.98608751383 0
P:-33822.79 -88906.21767326348 -33811.37597900782 0
P:-33732.20 -88865.81713618821 -33720.78477190968 0
P:-33642.13 -88824.90381365112 -33630.138438323964 0
P:-33551.46 -88774.87010714284 -33536.15437619538 0
P:-33471.76 -88716.08287938013 -33453.0859988048 0
P:-33396.10 -88647.42499726571 -33375.53984663409 0
P:-33324.59 -88579.73448082632 -33303.88625517258 0
P:-33250.32 -88509.59242270369 -33229.6346402711 0
P:-33176.62 -88440.06395787335 -33155.94626283763 0
P:-33107.43 -88374.80351467394 -33086.77637627924 0
P:-33039.44 -88310.65342374779 -33018.78627995482 0
P:-32960.65 -88233.21792576325 -32939.02455730033 0
P:-32893.55 -88157.2280672994 -32870.3382163243 0
P:-32831.77 -88076.8172969386 -32807.28810926983 0
P:-32772.33 -87996.10812630411 -32747.779095337704 0
P:-32713.40 -87915.96293715408 -32688.817905691783 0
P:-32653.42 -87834.39561522886 -32628.82252386071 0
P:-32594.80 -87754.72967907102 -32570.250241157646 0
P:-32535.15 -87674.42553034925 -32510.861880338012 0
P:-32471.09 -87598.86774448145 -32448.63535022606 0
P:-32399.90 -87530.8037601165 -32379.939159601436 0
P:-32321.51 -87469.63802322022 -32304.153681945103 0
P:-32240.67 -87414.82414002244 -32224.310161939877 0
P:-32157.31 -87359.00354043835 -32140.879472772973 0
P:-32075.10 -87303.93912299412 -32058.72267020526 0
P:-31989.26 -87246.45714365263 -31972.92465252938 0
P:-31907.32 -87191.55365263975 -31891.00439769756 0
P:-31823.74 -87135.57313470243 -31807.388659833665 0
P:-31741.49 -87080.44215196939 -31725.17214922633 0
P:-31660.86 -87026.42158513049 -31644.461435288864 0
P:-31582.08 -86969.84483688672 -31563.964702735055 0
P:-31510.37 -86901.88203428635 -31488.443384375296 0
P:-31438.69 -86816.18545341835 -31415.161306894322 0
P:-31371.58 -86742.09493845131 -31350.150314092407 0
P:-31298.55 -86682.62285170116 -31281.031708888735 0
P:-31210.35 -86632.16690331786 -31197.594923109962 0
P:-31118.31 -86598.0410438136 -31110.739001613856 0
P:-31021.68 -86578.79011168478 -31019.601547787413 0
P:-30921.51 -86574.96638924823 -30925.02472203014 0
P:-30822.58 -86586.69000733655 -30831.27569975745 0
P:-30725.33 -86609.63465291154 -30735.510980912346 0
P:-30626.68 -86634.87796653731 -30636.827996122895 0
P:-30531.15 -86659.26387239729 -30541.334031333707 0
P:-30428.35 -86685.55485236719 -30438.52020090193 0
P:-30337.30 -86708.8438723973 -30347.484031333704 0
P:-30239.69 -86733.79054249315 -30249.90701092493 0
P:-30141.69 -86758.80877136627 -30151.923892027768 0
P:-30045.71 -86783.43485236718 -30055.89020090193 0
P:-29949.01 -86807.13871548674 -29957.721931501335 0
P:-29849.99 -86819.50795155368 -29852.57077133291 0
P:-29750.81 -86810.20622369031 -29746.454255168093 0
P:-29655.42 -86779.25365007998 -29644.748769214173 0
P:-29565.18 -86734.76115322609 -29551.98654094925 0
P:-29472.85 -86690.41674576732 -29461.78081555135 0
P:-29378.03 -86661.43361502167 -29373.13633217201 0
P:-29278.53 -86651.74950237233 -29280.81374564576 0
P:-29179.98 -86660.78513514136 -29187.375066729783 0
P:-29082.40 -86678.19470857113 -29090.376104146944 0
P:-28986.46 -86695.56419052496 -28994.304059202997 0
P:-28892.65 -86712.45295271068 -28900.51092209789 0
P:-28792.28 -86730.59499284672 -28800.520682349113 0
P:-28691.18 -86756.67643086771 -28702.006856297914 0
P:-28594.12 -86780.05767897524 -28601.92460343311 0
P:-79194.60 -95415.55321522066 -79164.19742947239 0
P:-79174.70 -95315.062003783 -79144.32698087046 0
P:-81434.09 -97281.83905873293 -81407.00085701837 0
P:-79077.27 -94823.67451088659 -79046.89946061667 0
P:-78999.51 -94431.49574483192 -78969.13377630968 0
