M:-102550.76 -102583.41309602474 -96489.59169090408 0
M:-102562.95 -102595.83832949326 -96387.31004651063 0
M:-102566.08 -102599.0670643703 -96281.91374331797 0
M:-102559.48 -102592.2656206809 -96182.08123618273 0
M:-102542.60 -102574.74142035762 -96078.90238494243 0
M:-102517.38 -102549.09230318315 -95982.6524506702 0
M:-102489.28 -102520.21531597784 -95891.00031187384 0
M:-102443.84 -102471.0491790145 -95794.76478407827 0
M:-102376.24 -102397.7234993612 -95712.83241779546 0
M:-102291.40 -102305.81689675558 -95652.87500777144 0
M:-102196.50 -102207.29109777637 -95614.21471743524 0
M:-102099.20 -102110.68683284329 -95580.85362299906 0
M:-102009.54 -102025.44307216506 -95542.27816401736 0
M:-101926.30 -101946.82810131843 -95489.65244542816 0
M:-101853.43 -101877.96540908518 -95424.61633177444 0
M:-101790.35 -101816.21606982467 -95349.27262533203 0
M:-101728.32 -101754.1920684782 -95270.96019578082 0
M:-101665.54 -101691.97674676045 -95191.69237909587 0
M:-101614.31 -101643.6618362992 -95115.69660523013 0
M:-101577.29 -101609.24877136627 -95026.02610797224 0
M:-101561.80 -101594.74831131124 -94933.53937658665 0
M:-101566.57 -101599.20636322403 -94841.71715454798 0
M:-101585.10 -101617.38772294912 -94746.32435019802 0
M:-101601.37 -101634.28579835064 -94641.61237632122 0
M:-101599.65 -101632.41450114668 -94535.5771522148 0
M:-101578.05 -101609.34930261446 -94431.67831381095 0
M:-101537.39 -101565.91642566638 -94334.48220692865 0
M:-101480.30 -101506.18773360539 -94248.84735593533 0
M:-101416.50 -101442.3893147028 -94169.55935613035 0
M:-101359.96 -101389.32515628671 -94090.77306812706 0
M:-101326.11 -101358.23676376184 -94007.28245369425 0
M:-101315.82 -101348.80641006709 -93917.32549200958 0
M:-101324.56 -101357.32802830407 -93820.85363379768 0
M:-101336.72 -101369.48841106718 -93718.67042971951 0
M:-101348.30 -101381.06993439033 -93621.2576105648 0
M:-101359.99 -101392.75841106719 -93522.9604297195 0
M:-101371.74 -101404.50841106719 -93423.83042971948 0
M:-101383.52 -101416.29959976983 -93324.44043581466 0
M:-101395.32 -101428.09035796429 -93224.91402665121 0
M:-101407.18 -101439.95031328771 -93124.77440506847 0
M:-101418.81 -101451.58069141136 -93026.51119929017 0
M:-101429.90 -101462.77266434627 -92926.05837102687 0
M:-101431.17 -101464.08339079873 -92821.06506461778 0
M:-101415.51 -101447.74606431263 -92715.0453710497 0
M:-101392.62 -101424.7282573703 -92617.25640457205 0
M:-101369.47 -101401.60998366254 -92519.80622044422 0
M:-101346.70 -101378.79368540106 -92423.49721660078 0
M:-101323.53 -101355.65386894233 -92325.57013409858 0
M:-101300.76 -101332.88297242626 -92229.1363296462 0
M:-101277.57 -101309.67843083342 -92130.8171351259 0
M:-101254.62 -101286.72989026735 -92033.66328909906 0
M:-101231.46 -101263.55679458933 -91935.6402514033 0
M:-101208.74 -101240.86297242627 -91839.58632964622 0
M:-101185.64 -101217.76369814045 -91741.61940888909 0
M:-101162.93 -101195.05531768563 -91645.31629283965 0
M:-101139.77 -101171.89748579887 -91547.06553491305 0
M:-101117.08 -101149.20531768564 -91450.73629283966 0
M:-101094.11 -101126.2206189875 -91353.176366884 0
M:-101072.46 -101104.57442318833 -91261.40248866158 0
M:-101048.26 -101080.38514756956 -91158.67556896323 0
M:-101025.07 -101057.19224604616 -91060.27325093336 0
M:-101002.00 -101034.10989026735 -90962.83328909906 0
M:-100979.00 -101011.1106189875 -90865.616366884 0
M:-100955.89 -100988.00134704259 -90767.71944520064 0
M:-100932.92 -100965.03151900053 -90670.37017275096 0
M:-100909.67 -100941.78151900053 -90571.93017275096 0
M:-100886.96 -100919.08151900052 -90475.63017275096 0
M:-100864.01 -100896.13151900053 -90378.36017275097 0
M:-100840.96 -100873.08006291412 -90280.71401797925 0
M:-100817.99 -100850.11151900054 -90183.41017275096 0
M:-100795.04 -100827.13679458934 -90086.07025140332 0
M:-100772.04 -100804.16459364718 -89988.90321320473 0
M:-100749.04 -100781.14606220351 -89891.63717561997 0
M:-100725.88 -100757.97752631172 -89793.62332772081 0
M:-100702.88 -100734.99151900053 -89696.28017275096 0
M:-100679.82 -100711.94314357142 -89598.71705552167 0
M:-100656.86 -100688.98151900053 -89501.43017275096 0
M:-100633.89 -100666.01297242627 -89404.24632964621 0
M:-100610.92 -100643.02843083342 -89306.96713512587 0
M:-100587.88 -100619.99061898749 -89209.476366884 0
M:-100567.49 -100600.07672821492 -89114.11612348561 0
M:-100560.10 -100593.08963420756 -89020.72752163697 0
M:-100569.37 -100601.87290529598 -88925.63513103437 0
M:-100594.90 -100625.9546823845 -88834.88460429964 0
M:-100636.26 -100665.01891940775 -88748.7261732295 0
M:-100692.07 -100718.49974186739 -88667.9369939164 0
M:-100753.03 -100779.1816952115 -88589.08938054135 0
M:-100811.15 -100838.9886697919 -88505.36769897577 0
M:-100859.63 -100890.23782971078 -88404.8488828619 0
M:-100888.48 -100920.7570636169 -88303.96746046565 0
M:-100900.57 -100933.55323810768 -88199.40924154976 0
M:-100896.37 -100929.18848181934 -88095.86825191496 0
M:-100884.48 -100917.23249153275 -87995.91075104295 0
M:-100872.45 -100905.20371903382 -87897.20074856449 0
M:-100860.23 -100892.98327865572 -87796.91715448229 0
M:-100848.39 -100881.14644293326 -87699.49316641525 0
M:-100836.79 -100869.54170132877 -87604.17434877773 0
M:-100825.01 -100857.77528017569 -87507.59355702728 0
M:-100811.96 -100844.66448180062 -87401.3808011307 0
M:-100792.99 -100824.74066925954 -87299.98684918547 0
M:-100755.98 -100785.10418539477 -87202.10910239599 0
M:-100701.78 -100727.98148393871 -87115.29639517036 0
M:-100642.40 -100669.50772497576 -87038.19473268573 0
M:-100598.48 -100629.255854207 -86964.74345972486 0
M:-100575.74 -100608.59059095541 -86876.86858720619 0
M:-100582.68 -100614.92111876638 -86781.8815667198 0
M:-100619.60 -100648.44297122046 -86694.93528978298 0
M:-100678.21 -100704.30062613945 -86615.28667808705 0
M:-100735.10 -100763.6119536683 -86530.83547299997 0
M:-100771.20 -100803.33837579229 -86430.5006624767 0
M:-100779.58 -100812.51187886584 -86320.23538974405 0
M:-100763.96 -100795.85342430284 -86225.13928603638 0
M:-100730.12 -100760.91064229688 -86119.75586719642 0
M:-100693.18 -100724.3136075032 -86026.64677255323 0
M:-100667.80 -100700.22074254748 -85934.31933449733 0
M:-100647.70 -100679.71357125598 -85833.77391987224 0
M:-100619.95 -100651.58082865868 -85738.12490227676 0
M:-100600.42 -100633.31012435028 -85649.8925636013 0
M:-100608.90 -100640.928326635 -85555.71695265916 0
M:-100642.58 -100672.83875643248 -85467.83068830725 0
M:-100678.39 -100710.05159627818 -85371.71868999429 0
M:-100692.19 -100725.1899800938 -85263.94274996516 0
M:-100677.90 -100709.5819999123 -85155.48686386306 0
M:-100635.97 -100663.7053843021 -85055.96471946253 0
M:-100573.68 -100595.80412554128 -84978.02303073237 0
M:-100403.33 -100421.31462009743 -84870.1300844923 0
M:-100322.60 -100345.1752338774 -84810.39976718291 0
M:-100260.74 -100289.19631398015 -84739.70072636944 0
M:-100222.88 -100254.79188477753 -84654.90126713974 0
M:-100204.55 -100237.1853369286 -84561.17601125853 0
M:-100189.52 -100222.14189771988 -84461.7232871959 0
M:-100174.49 -100207.11245437725 -84363.12694688224 0
M:-100159.34 -100191.95995710079 -84263.6005832061 0
M:-100144.78 -100177.53288547946 -84166.01395261614 0
M:-100142.18 -100174.99712131525 -84073.58460339779 0
M:-100166.38 -100197.22199228276 -83986.0983420791 0
M:-100204.92 -100235.7745590254 -83891.56158268904 0
M:-100229.86 -100262.66393873624 -83784.4042106474 0
M:-100226.62 -100259.07402190832 -83677.55017292005 0
M:-100196.07 -100225.75437235963 -83575.39182642795 0
M:-100138.52 -100162.85974786061 -83483.84294263605 0
M:-100064.33 -100084.99043955783 -83414.12425908947 0
M:-99989.24 -100012.30945215154 -83352.54581581929 0
M:-99927.14 -99955.60057222484 -83281.14797368649 0
M:-99883.55 -99913.90677204532 -83194.03749059224 0
M:-99844.47 -99874.79703546783 -83102.59473478435 0
M:-99804.99 -99835.33224544454 -83010.46689636001 0
M:-99766.07 -99796.42961729837 -82919.60416306417 0
M:-99726.07 -99756.29474330359 -82826.2972529378 0
M:-99679.62 -99707.09664425008 -82732.58390562303 0
M:-99614.93 -99636.78946254872 -82651.36950952867 0
M:-99531.76 -99546.67350754778 -82589.522504189 0
M:-99438.74 -99446.56409608816 -82553.1311302438 0
M:-99340.43 -99345.71340723807 -82534.70803155084 0
M:-99243.62 -99253.30535072733 -82514.56248621696 0
M:-99150.54 -99166.04701680613 -82477.52374862031 0
M:-99064.28 -99080.84666391787 -82428.79710632873 0
M:-98978.27 -98995.1835712552 -82378.97770551693 0
M:-98895.92 -98917.25394850898 -82325.07165087032 0
M:-98826.40 -98852.50777720529 -82258.11257021582 0
M:-98773.21 -98802.79601647354 -82178.92350106673 0
M:-98732.56 -98762.87012687686 -82089.62866066436 0
M:-98692.82 -98723.11438041444 -81997.39533569246 0
M:-98649.58 -98677.8911343723 -81904.1277696679 0
M:-98586.46 -98608.50181137418 -81819.66393926935 0
M:-98503.82 -98517.68403516996 -81759.30405494837 0
M:-98405.91 -98410.81033279217 -81727.50411359294 0
M:-98307.64 -98309.59024475273 -81718.66283840661 0
M:-98208.32 -98214.87012292646 -81707.9386120974 0
M:-98117.15 -98131.61777813728 -81679.43516691183 0
M:-98031.76 -98049.52976571934 -81631.43539914582 0
M:-97941.03 -97957.05142643287 -81573.66488247388 0
M:-97850.75 -97859.8745480774 -81533.16683290277 0
M:-97752.93 -97758.83350887585 -81512.22932736312 0
M:-97654.32 -97660.13146526463 -81494.50354787681 0
M:-97555.71 -97561.48830375438 -81476.80119802471 0
M:-97457.35 -97463.14145380103 -81459.06175916175 0
M:-97359.01 -97367.12500780758 -81439.56873319426 0
M:-97190.12 -97213.60393862908 -81353.68957723601 0
M:-97130.61 -97159.98178553856 -81279.64599970885 0
M:-97094.68 -97126.7388697562 -81182.69590391182 0
M:-97073.61 -97105.72224604618 -81094.18325093336 0
M:-97050.32 -97082.44224604616 -80995.93325093336 0
M:-97027.55 -97059.66061898749 -80899.806366884 0
M:-97004.32 -97036.31705848275 -80802.28792238228 0
M:-96974.98 -97005.6538213584 -80703.13612251112 0
M:-96930.16 -96958.26010714284 -80607.55437619537 0
M:-96871.44 -96896.42045264004 -80523.01497252275 0
M:-96800.68 -96821.58350724964 -80450.43971380277 0
M:-96717.05 -96733.2361732295 -80390.18108059224 0
M:-96626.36 -96639.36134306985 -80345.18128269809 0
M:-96534.46 -96547.3275466176 -80306.1883680612 0
M:-96440.52 -96453.4224886003 -80266.41470394735 0
M:-96345.97 -96361.69408868745 -80224.09050896444 0
M:-96261.12 -96281.13140122584 -80172.37155162913 0
M:-96185.17 -96209.03281036543 -80108.21296500889 0
M:-96128.29 -96155.03222776524 -80043.5694896299 0
M:-96072.63 -96100.3668643487 -79961.29701515655 0
M:-96019.34 -96047.29154370839 -79878.39015881818 0
M:-95973.27 -96003.67844337893 -79796.99857503097 0
M:-95942.92 -95974.96248524977 -79706.09987683213 0
M:-95917.79 -95949.32026768112 -79606.91112637232 0
M:-95880.79 -95910.21289889724 -79509.61742444518 0
M:-95828.14 -95854.67395215707 -79418.7824593629 0
M:-95764.05 -95787.18242337271 -79340.74833670388 0
M:-95681.48 -95699.99562397112 -79269.45017328802 0
M:-95595.59 -95609.20229288543 -79218.35745740937 0
M:-95506.82 -95515.5450983223 -79184.26205361648 0
M:-95211.11 -95217.49574749883 -79122.95574523848 0
M:-95113.35 -95119.7482582007 -79103.58624072539 0
M:-95015.49 -95021.892003783 -79084.19698087046 0
M:-94917.03 -94923.4651323849 -79064.68958417184 0
M:-94719.12 -94725.55451088659 -79025.44946061667 0
M:-94622.09 -94628.52513238491 -79006.18958417184 0
M:-94522.65 -94529.04887586822 -78986.47636270076 0
M:-94327.62 -94334.02262245506 -78947.86710323302 0
M:-94230.10 -94236.48513053874 -78928.60562356001 0
M:-94131.83 -94138.23200378302 -78909.20698087047 0
M:-94035.20 -94043.84540144687 -78888.61395516565 0
M:-93940.48 -93957.65951434038 -78852.99163635506 0
M:-93865.67 -93889.82786227787 -78798.10504106959 0
M:-93807.11 -93836.98639620323 -78720.31262083907 0
M:-93778.77 -93811.34196844915 -78639.75659276193 0
M:-93775.28 -93808.19742341137 -78545.28974456777 0
M:-93785.12 -93817.93677923703 -78447.56781659038 0
M:-93795.88 -93828.70153137814 -78346.302477473 0
M:-93800.20 -93833.15501244804 -78241.30593932664 0
M:-93782.71 -93814.20835536595 -78134.9627951934 0
M:-93741.62 -93769.6554728286 -78037.31452554576 0
M:-93680.03 -93704.51535257744 -77953.30408503616 0
M:-93612.63 -93636.91788040225 -77879.75911001043 0
M:-93543.83 -93567.60302002366 -77805.16147151488 0
M:-93467.55 -93487.34635970452 -77733.3372707736 0
M:-93382.95 -93398.0017864802 -77677.11220379011 0
M:-92908.76 -92923.01662611318 -77552.51594306118 0
M:-92821.13 -92840.4683768809 -77502.30622889462 0
M:-92740.46 -92760.32753801771 -77442.28071059362 0
M:-92660.74 -92680.6023408045 -77382.2767931573 0
M:-92578.40 -92598.36122012249 -77320.33619788746 0
M:-92504.09 -92527.74985110792 -77260.78686724548 0
M:-92443.26 -92471.88995224617 -77186.84759508201 0
M:-92405.11 -92436.98894784386 -77102.94249660385 0
M:-92390.95 -92423.93663546766 -77012.26425260626 0
M:-92397.72 -92430.47090804555 -76916.97205230892 0
M:-92409.58 -92442.44811936603 -76817.16026069621 0
M:-92412.95 -92445.9359373732 -76714.62502032075 0
M:-92408.05 -92440.99830047372 -76611.8591892288 0
M:-92402.42 -92435.38258405402 -76513.38731041322 0
M:-92402.96 -92435.84099341098 -76416.74772765712 0
M:-92424.52 -92455.88448136544 -76319.84558897949 0
M:-92462.18 -92491.07056546934 -76239.87352843536 0
M:-92513.29 -92541.2424616526 -76156.98837812731 0
M:-92566.60 -92594.57014218705 -76071.81611964639 0
M:-92618.60 -92647.70671828475 -75983.58489769533 0
M:-92655.06 -92687.05378201278 -75883.61507126676 0
M:-92667.47 -92700.46955761634 -75773.53275364966 0
M:-92656.63 -92688.73916088254 -75677.5702118462 0
M:-92622.00 -92651.15647459692 -75577.11223346915 0
M:-92559.48 -92583.54023281709 -75482.01476612261 0
M:-92485.46 -92507.25699027747 -75410.68969273154 0
M:-92410.33 -92432.2874150243 -75344.76318726885 0
M:-92342.14 -92368.22783459924 -75279.1397163398 0
M:-92293.89 -92324.76438127279 -75200.40438899923 0
M:-92265.36 -92297.23466643327 -75106.85652245463 0
M:-92238.52 -92270.36582177825 -75007.26377688508 0
M:-92208.00 -92239.86200012872 -74894.16661519058 0
M:-92187.23 -92219.09548059327 -74817.19955387646 0
M:-92160.87 -92192.61787475823 -74720.11696894842 0
M:-92123.90 -92152.74159099009 -74620.19222743572 0
M:-92064.60 -92088.17938021048 -74532.44563826839 0
M:-91988.24 -92008.68347885965 -74463.19502678802 0
M:-91914.62 -91937.52346163717 -74403.69173413061 0
M:-91848.03 -91875.58499966077 -74328.11675022355 0
M:-91800.25 -91829.86628786274 -74247.10434593934 0
M:-91763.11 -91794.79 -74159.85 0
M:-91743.61 -91776.29740627935 -74067.3788746489 0
M:-91728.96 -91761.33622369032 -73964.42425516808 0
M:-91700.93 -91731.55705655155 -73862.96407752526 0
M:-91654.05 -91681.50215196938 -73768.91214922634 0
M:-91590.23 -91613.34586574163 -73686.9818962554 0
M:-91510.78 -91529.47335761767 -73619.42641215118 0
M:-91430.23 -91448.57909529092 -73565.51536297349 0
M:-91348.78 -91370.90591496385 -73507.29464742256 0
M:-91282.99 -91309.43790976233 -73439.31393697402 0
M:-91225.39 -91253.1268643487 -73354.97701515656 0
M:-91174.19 -91201.89415043453 -73275.83732909641 0
M:-91118.36 -91146.06022477013 -73189.60126634642 0
M:-91064.09 -91091.79415043454 -73105.89732909642 0
M:-91009.40 -91037.05746454594 -73021.52161044595 0
M:-90955.18 -90982.86533343306 -72938.01372253837 0
M:-90900.86 -90928.54533343305 -72854.40372253837 0
M:-90845.73 -90873.35466838749 -72769.50197678011 0
M:-90793.90 -90823.48343485189 -72687.24827663346 0
M:-90762.29 -90794.77701571007 -72602.90168426216 0
M:-90755.89 -90788.8899415004 -72509.29100017551 0
M:-90750.80 -90783.43341822542 -72403.15330024855 0
M:-90720.98 -90750.61397665206 -72298.17001143996 0
M:-90664.85 -90689.87839915253 -72208.7758058702 0
M:-90598.24 -90623.1548377498 -72135.22539092127 0
M:-90541.42 -90570.69445690118 -72060.20364243937 0
M:-90508.93 -90541.4855721825 -71972.57757257091 0
M:-90505.92 -90538.77426904844 -71884.3124553221 0
M:-90519.67 -90552.27283672916 -71788.90532745434 0
M:-90535.45 -90568.05539339935 -71687.8489668372 0
M:-90550.79 -90583.3959634609 -71589.51530016823 0
M:-90566.18 -90598.79898230359 -71490.46576662635 0
M:-90581.23 -90613.82283672916 -71393.95532745434 0
M:-90596.82 -90629.47356110206 -71292.60850892293 0
M:-90604.77 -90637.76968135241 -71190.8410205246 0
M:-90592.93 -90625.07659233408 -71082.30468999213 0
M:-90561.30 -90591.84148909646 -70981.58625446213 0
M:-90523.52 -90553.99710418124 -70891.06708426913 0
M:-90490.68 -90522.75353251366 -70799.1850601594 0
M:-90477.95 -90510.91880304675 -70705.23056009364 0
M:-90476.15 -90509.14872555019 -70607.79797233538 0
M:-90474.65 -90507.64848860736 -70506.77177304873 0
M:-90473.18 -90506.17898449399 -70407.33751269382 0
M:-90477.25 -90509.98516466217 -70311.47764326708 0
M:-90503.17 -90533.73310892207 -70223.41525561042 0
M:-90552.76 -90579.17545690523 -70143.6427188191 0
M:-90619.89 -90640.43126775863 -70080.05503739837 0
M:-90704.03 -90719.26024632705 -70030.25243443575 0
M:-90796.78 -90812.32236923714 -69983.74806849143 0
M:-90879.77 -90901.16678522294 -69925.24895402588 0
M:-90947.38 -90974.12797278461 -69846.44256393016 0
M:-90995.08 -91025.51968575806 -69753.02468261913 0
M:-91029.78 -91060.88232042825 -69657.48518631632 0
M:-91062.59 -91094.05510026446 -69561.96937360225 0
M:-91085.48 -91118.18582074824 -69457.72919273034 0
M:-91090.12 -91123.11641006709 -69352.28450799042 0
M:-91083.01 -91115.77721424517 -69248.27957411359 0
M:-91069.11 -91101.76162747368 -69148.28829739962 0
M:-91054.88 -91087.54921339336 -69051.27061242913 0
M:-91040.37 -91073.00826298454 -68952.09556195704 0
M:-91025.82 -91058.46022026078 -68853.22875439664 0
M:-91011.29 -91043.94587517939 -68754.18740614508 0
M:-90996.71 -91029.36022026077 -68655.46875439661 0
M:-90983.12 -91015.99124955239 -68555.87521778485 0
M:-90981.93 -91014.84880077363 -68479.70011471168 0
M:-91003.68 -91035.19233882429 -68372.5644333234 0
M:-91043.42 -91072.31269951515 -68286.27966175423 0
M:-91100.73 -91125.80492176575 -68209.41493466092 0
M:-91174.04 -91195.4726114619 -68142.11545961013 0
M:-91247.56 -91268.72868779924 -68080.82327858765 0
M:-91324.08 -91345.57884871765 -68016.34299150346 0
M:-91397.30 -91421.04025876588 -67945.69175846728 0
M:-91463.26 -91489.15214470311 -67867.69706171361 0
M:-91521.35 -91549.19866979189 -67783.11769897577 0
M:-91569.68 -91599.0976282855 -67695.39295093455 0
M:-91611.39 -91641.91209376165 -67599.84664144505 0
M:-91649.90 -91680.44148909647 -67505.51374553786 0
M:-91722.17 -91752.72583374487 -67328.54311571876 0
M:-91762.19 -91792.72920978129 -67230.41931151762 0
M:-91800.02 -91830.52542347393 -67137.82282165125 0
M:-91840.34 -91868.9499223652 -67056.01988039105 0
M:-91901.71 -91925.68395787336 -66979.43373716237 0
M:-91978.57 -91996.57444117682 -66920.18352580152 0
M:-92069.20 -92080.6347111633 -66878.53457163394 0
M:-92173.41 -92182.4021788939 -66847.3781161125 0
M:-92262.20 -92272.99399995193 -66820.08427793601 0
M:-92352.43 -92368.38850907612 -66778.12781409585 0
M:-92436.56 -92456.73946497274 -66719.5662046765 0
M:-92514.79 -92535.51376708085 -66656.52696135457 0
M:-92592.66 -92613.82868779925 -66592.95327858764 0
M:-92662.88 -92688.37549823786 -66518.8015431983 0
M:-92717.20 -92746.584421246 -66430.14884894382 0
M:-92753.39 -92785.25629412674 -66330.40741411217 0
M:-92773.82 -92806.29124374007 -66229.9403628126 0
M:-92797.13 -92828.7104149255 -66130.17307255184 0
M:-92836.24 -92865.14483182877 -66044.59579510745 0
M:-92889.83 -92915.14060293534 -65971.9118869032 0
M:-93033.60 -93057.32706542968 -65831.93506324566 0
M:-93095.86 -93123.34913773398 -65750.21234147818 0
M:-93144.11 -93174.64988279146 -65655.06766882245 0
M:-93175.21 -93207.14126505608 -65556.03288398642 0
M:-93198.36 -93230.48297242627 -65458.373670353794 0
M:-93221.47 -93253.59531768564 -65360.20370716034 0
M:-93244.62 -93276.74531768564 -65261.97370716034 0
M:-93267.45 -93299.57314357143 -65165.27294447832 0
M:-93290.49 -93322.52927284277 -65068.49313190881 0
M:-93319.05 -93350.05122960887 -64976.12935773845 0
M:-92960.77 -92983.22312149934 -65902.56886153473 0
M:-93356.83 -93387.20929741951 -64884.09305817861 0
M:-93399.41 -93428.31345769517 -64796.62828725865 0
M:-93455.51 -93480.34611392788 -64722.58756824049 0
M:-93528.66 -93548.2581263041 -64659.4909046623 0
M:-93613.85 -93629.13079671744 -64609.96171892069 0
M:-93704.37 -93717.32250940776 -64568.69677204532 0
M:-93798.72 -93809.41222746643 -64533.4086641458 0
M:-93895.51 -93903.92784929021 -64504.83948193393 0
M:-93990.02 -93996.28694967683 -64483.9037831105 0
M:-94089.48 -94093.39401704154 -64469.017982467274 0
M:-94190.05 -94191.56796502008 -64461.13624032716 0
M:-94290.98 -94290.9964999992 -64459.559998375 0
M:-94390.29 -94390.34274996517 -64459.51998009379 0
M:-94490.42 -94490.45624998731 -64459.36998984376 0
M:-94590.76 -94590.77649999919 -64459.189998375005 0
M:-94690.65 -94690.74899982451 -64459.02994150039 0
M:-94791.32 -94791.20827650886 -64433.21151214848 0
M:-94890.73 -94890.21554308999 -64437.5951653538 0
M:-94990.51 -94989.72631101753 -64447.44070495574 0
M:-95089.87 -95089.26095303109 -64458.119287848094 0
M:-95189.29 -95193.35205230892 -64484.03090804553 0
M:-95289.37 -95302.15805594866 -64455.41407244046 0
M:-95375.05 -95392.92298484345 -64405.626864348706 0
M:-95619.46 -95637.67280715854 -64243.74208639822 0
M:-95703.06 -95721.24303133834 -64188.4985474625 0
M:-95790.29 -95808.54008578495 -64130.750635549455 0
M:-95873.59 -95891.82257721313 -64075.5456164835 0
M:-95956.10 -95974.35008578494 -64020.90063554946 0
M:-96043.42 -96061.63656315804 -63963.16960060329 0
M:-96130.98 -96149.18280715853 -63905.25208639823 0
M:-96208.74 -96226.96031882512 -63853.777113156626 0
M:-96458.80 -96477.02882242414 -63688.29810447463 0
M:-96542.77 -96561.00108075477 -63632.726608288285 0
M:-96626.14 -96644.39008578494 -63577.54063554946 0
M:-96709.27 -96727.46905082824 -63522.57457054117 0
M:-96792.58 -96810.76529416874 -63467.44705303184 0
M:-96876.24 -96894.53810243907 -63411.89865330011 0
M:-96959.91 -96978.16008578494 -63356.620635549465 0
M:-97043.11 -97061.26098332781 -63301.62649287041 0
M:-97126.72 -97144.83743160461 -63246.59540703745 0
M:-97208.85 -97229.55982868839 -63187.490138130284 0
M:-97277.29 -97304.05174264274 -63109.967342640775 0
M:-97325.59 -97356.52425447071 -63012.6425426631 0
M:-97354.59 -97386.32507225123 -62915.582909792196 0
M:-97381.60 -97413.38069040731 -62819.93747219062 0
M:-97404.08 -97436.71293667583 -62718.43987661327 0
M:-97408.60 -97441.53792405843 -62611.932710667264 0
M:-97392.82 -97424.68200012873 -62506.96661519058 0
M:-97357.39 -97386.79038746978 -62407.49283265431 0
M:-97303.44 -97329.37943082048 -62317.79487500375 0
M:-97236.22 -97259.61673012657 -62241.44201844603 0
M:-97166.24 -97190.65922095414 -62170.93525367805 0
M:-97105.76 -97133.87713273919 -62096.355800540965 0
M:-97062.20 -97093.31713361047 -62010.90840956978 0
M:-97036.84 -97069.12852083419 -61918.75941868914 0
M:-97016.81 -97049.11858122666 -61822.30742172184 0
M:-96996.41 -97028.71793394642 -61723.484305865066 0
M:-96972.15 -97003.48259748056 -61623.22829846351 0
M:-96930.82 -96959.08247129196 -61525.516723383196 0
M:-96871.23 -96895.94887782792 -61440.74871329864 0
M:-96803.64 -96827.7832241866 -61366.550058376284 0
M:-96734.90 -96759.03696037474 -61292.593337469305 0
M:-96666.18 -96690.38510757881 -61218.75361366504 0
M:-96594.17 -96616.85373716237 -61141.71604212665 0
M:-96518.07 -96534.61897911364 -61079.492648697764 0
M:-96427.40 -96436.07915119395 -61038.387695382706 0
M:-96328.75 -96333.53487253979 -61018.29736980596 0
M:-96231.97 -96238.4051323849 -61003.19958417184 0
M:-96134.52 -96147.13952069095 -60975.84734566791 0
M:-96048.78 -96067.45894177485 -60932.67337851958 0
M:-95972.70 -95996.2465088752 -60872.88250950655 0
M:-95909.20 -95936.78885571894 -60798.33782113511 0
M:-95857.92 -95886.23485756264 -60715.70398676175 0
M:-95801.07 -95827.09229527 -60627.1368503269 0
M:-95731.85 -95753.2826114619 -60550.354540389875 0
M:-95649.65 -95665.68915315319 -60489.69917681563 0
M:-95559.36 -95572.6587601685 -60445.142294679354 0
M:-95467.86 -95483.30000201576 -60402.82941361425 0
M:-95381.44 -95398.43609155189 -60354.03718357287 0
M:-95296.04 -95313.07089328356 -60302.70609182107 0
M:-95210.31 -95227.30465669844 -60251.15632144712 0
M:-95124.93 -95141.92465669844 -60199.856321447114 0
M:-95039.04 -95056.05086596057 -60148.23005406752 0
M:-94953.22 -94970.49709879236 -60096.68464871749 0
M:-94871.62 -94892.64013063192 -60042.738052249275 0
M:-94801.01 -94826.8648150942 -59976.18104329157 0
M:-94747.07 -94776.46103194643 -59897.6240962541 0
M:-94712.12 -94743.86702209998 -59812.103960210225 0
M:-94688.99 -94721.28114720482 -59715.20186374635 0
M:-94668.18 -94700.45969678952 -59616.51498350418 0
M:-94647.74 -94680.02772294912 -59519.52564980199 0
M:-94627.10 -94659.38983540596 -59421.675640254136 0
M:-94606.43 -94638.70706361691 -59323.78253953437 0
M:-94585.54 -94617.82772294912 -59224.92564980199 0
M:-94565.28 -94597.57245622805 -59129.02808916212 0
M:-94544.25 -94576.54114720483 -59029.40186374635 0
M:-94523.57 -94555.73188859953 -58932.09771825612 0
M:-94495.82 -94526.660912755 -58831.89881841732 0
M:-94450.92 -94479.25457830288 -58733.35025591191 0
M:-94398.04 -94423.51678164481 -58654.39785656053 0
M:-94323.47 -94344.7715658216 -58575.20117212045 0
M:-94242.37 -94260.38820917843 -58513.96892904902 0
M:-94158.11 -94175.96313363081 -58459.50679226708 0
M:-94073.95 -94091.82298484344 -58405.17313565129 0
M:-93991.12 -94008.96935592778 -58351.76436306196 0
M:-93906.18 -93924.18215871483 -58297.07498807878 0
M:-93822.40 -93840.22097510562 -58242.87898046039 0
M:-93738.32 -93756.20528053747 -58188.68461569791 0
M:-93653.87 -93671.75528053747 -58134.18461569791 0
M:-93568.76 -93586.64676087105 -58079.255570439316 0
M:-93486.36 -93505.16716434984 -58025.98665238352 0
M:-93408.46 -93429.493657222 -57968.970966961395 0
M:-93333.61 -93358.08081214357 -57900.819063054216 0
M:-93271.43 -93298.54076975198 -57826.08911897915 0
M:-93219.35 -93248.59102174203 -57744.147869312284 0
M:-93178.27 -93209.1726799935 -57656.826463895624 0
M:-93148.89 -93180.94737049461 -57565.53977114247 0
M:-93131.70 -93164.48785143322 -57472.02085149849 0
M:-93126.45 -93159.4496815117 -57373.32900222942 0
M:-93126.24 -93159.2399415004 -57274.1510001755 0
M:-93122.93 -93155.76580487465 -57173.359669714766 0
M:-93101.79 -93133.27221045179 -57063.583183875344 0
M:-93063.59 -93092.38174686213 -56969.15667188669 0
M:-93006.33 -93031.21581231817 -56881.535010557665 0
M:-92934.92 -92956.63756824049 -56808.323886072125 0
M:-92858.83 -92880.32697766216 -56742.645402224705 0
M:-92783.52 -92805.06461472844 -56677.94056788897 0
M:-92707.45 -92728.92002019622 -56612.50943475379 0
M:-92631.51 -92653.00537149874 -56547.27402385021 0
M:-92555.93 -92577.4423250706 -56482.3099945285 0
M:-92479.19 -92500.72274891932 -56416.358960929334 0
M:-92406.83 -92428.36274891932 -56354.12896092934 0
M:-92328.62 -92350.13580055616 -56286.832981945234 0
M:-92252.32 -92273.8341941298 -56221.22160084747 0
M:-92176.77 -92198.26884871765 -56156.22700849652 0
M:-92100.93 -92122.48155743559 -56091.10655282342 0
M:-92024.82 -92046.38502747724 -56025.71954735995 0
M:-91949.81 -91971.34114206584 -55961.15757749287 0
M:-91873.38 -91894.87884871765 -55895.45700849652 0
M:-91797.70 -91819.16493466092 -55830.42507823425 0
M:-91721.85 -91743.34884871765 -55765.30700849652 0
M:-91645.89 -91667.34305928 -55700.05347283663 0
M:-91570.60 -91592.98777632673 -55635.17767982888 0
M:-91501.21 -91526.24138540002 -55566.24928114075 0
M:-91440.79 -91468.36689846237 -55488.77483932848 0
M:-91391.91 -91421.55779982096 -55405.69782078875 0
M:-91350.52 -91380.6989131469 -55315.6713172576 0
M:-91310.34 -91340.51771060794 -55224.77859937828 0
M:-91269.58 -91299.75477090482 -55132.79196236348 0
M:-91228.74 -91258.90303238328 -55040.62804197875 0
M:-91187.58 -91217.77184773653 -54947.707956834594 0
M:-91148.76 -91179.49792971338 -54858.55734344626 0
M:-91122.07 -91154.60808032041 -54769.21278591287 0
M:-91114.38 -91147.36783455206 -54674.362730201974 0
M:-91112.50 -91145.45290977055 -54573.57362631373 0
M:-91098.74 -91130.79718681418 -54467.09902067947 0
M:-91065.38 -91095.09449394849 -54366.982719610125 0
M:-91014.12 -91040.88482671992 -54277.62693289214 0
M:-90953.33 -90979.76518868127 -54197.200292760404 0
M:-90900.27 -90929.85214359223 -54117.645665718745 0
M:-90869.04 -90901.47983351194 -54031.41759461744 0
M:-90861.71 -90894.70998984377 -53937.1862499873 0
M:-90861.71 -90894.67933017011 -53835.653405533645 0
M:-90846.74 -90878.47421737786 -53728.23408271085 0
M:-90807.17 -90835.63282377495 -53629.17181005202 0
M:-90756.22 -90783.61008058873 -53549.61919584536 0
M:-90702.79 -90732.49260454602 -53462.70881224128 0
M:-90667.21 -90698.60911463079 -53375.03937464255 0
M:-90637.20 -90668.69621384518 -53279.91594824601 0
M:-90607.05 -90638.5291262417 -53183.873381456746 0
M:-90577.11 -90608.5891262417 -53088.35338145675 0
M:-90547.09 -90578.58742990531 -52992.719834649826 0
M:-90516.26 -90547.24626742079 -52896.50707750439 0
M:-90474.96 -90503.78099117393 -52801.16320275145 0
M:-90417.51 -90443.8732068427 -52712.247659195506 0
M:-90357.76 -90384.22374388622 -52632.93175931149 0
M:-90297.85 -90324.23297614224 -52553.22064363045 0
M:-90237.75 -90264.279696096 -52473.12670500359 0
M:-90184.43 -90213.65020618189 -52392.45722301832 0
M:-90145.92 -90176.90875055511 -52304.19385962121 0
M:-90112.26 -90143.2807271549 -52210.08673621295 0
M:-90075.59 -90105.40468487375 -52115.19663681281 0
M:-90025.32 -90052.1853383218 -52023.8534370331 0
M:-89962.43 -89985.76563807139 -51945.01086290993 0
M:-89884.42 -89904.6202836602 -51875.30216540077 0
M:-89804.74 -89824.74140122584 -51814.31155162912 0
M:-89726.03 -89746.06226582364 -51754.22984316823 0
M:-89646.05 -89666.08069794001 -51693.128645489596 0
M:-89565.96 -89586.00636892616 -51632.042979239784 0
M:-89487.45 -89507.46707740886 -51572.095881268986 0
M:-89407.78 -89427.7950233858 -51511.284313946075 0
M:-89328.52 -89348.54707740886 -51450.78588126899 0
M:-89248.20 -89268.24998719433 -51389.46574688757 0
M:-89168.82 -89188.95095152342 -51328.85951418946 0
M:-89091.95 -89114.39137494072 -51267.04951789479 0
M:-89023.34 -89048.58679524771 -51198.01973929318 0
M:-88964.14 -88991.94218341802 -51120.59645244337 0
M:-88915.95 -88945.84564473861 -51036.75235159163 0
M:-88879.77 -88911.23293434123 -50948.44378319323 0
M:-88852.58 -88884.55718895925 -50851.938951833916 0
M:-88828.00 -88859.97641073795 -50755.93590035608 0
M:-88802.98 -88834.94465291155 -50658.50901908766 0
M:-88780.74 -88813.34083948491 -50562.34198586723 0
M:-88777.96 -88810.78019968119 -50474.12533869515 0
M:-88800.03 -88831.4127739951 -50383.02017650682 0
M:-88832.90 -88864.0336075032 -50289.71322744679 0
M:-88861.96 -88894.05459544309 -50190.69897434249 0
M:-88876.57 -88909.50251473208 -50085.454903264115 0
M:-88878.25 -88911.24998984377 -49983.7037500127 0
M:-88881.97 -88914.80548347272 -49886.863548347275 0
M:-88899.26 -88931.14159348577 -49793.86759153695 0
M:-88933.16 -88963.19053090698 -49705.33874182521 0
M:-88977.91 -89007.16438583712 -49618.05569040736 0
M:-89024.31 -89053.61582294072 -49528.5044432897 0
M:-89069.74 -89099.01578688549 -49440.93379853955 0
M:-89115.39 -89145.15152333351 -49350.231911662595 0
M:-89154.73 -89185.7646034235 -49254.6625638648 0
M:-89184.04 -89216.08248524978 -49155.52012316788 0
M:-89203.27 -89235.94154382906 -49053.793008353474 0
M:-89212.25 -89245.23203685424 -48949.98494876428 0
M:-89211.52 -89244.50073310187 -48848.44923174922 0
M:-89206.53 -89239.48257534941 -48746.98714243933 0
M:-89201.51 -89234.46406283852 -48647.79648449511 0
M:-89196.48 -89229.43341365279 -48547.56351700679 0
M:-89191.35 -89224.30308422829 -48445.987033996855 0
M:-89186.76 -89219.71390175023 -48355.483242440976 0
M:-89181.30 -89214.26357715728 -48248.51675869621 0
M:-89176.23 -89209.18341365279 -48148.56351700679 0
M:-89171.18 -89204.1327429626 -48048.7903843139 0
M:-89164.97 -89197.83724908133 -47954.9400678541 0
M:-89152.96 -89185.71051024974 -47847.00474759109 0
M:-89140.50 -89173.25051024975 -47747.64474759109 0
M:-89128.03 -89160.78130507196 -47648.0411480868 0
M:-89115.67 -89148.40765320815 -47549.27195156027 0
M:-89103.20 -89135.95051024975 -47450.02474759109 0
M:-89090.62 -89123.36966239268 -47349.857948463905 0
M:-89078.21 -89110.9500619232 -47250.89114873974 0
M:-89065.73 -89098.4688610246 -47151.721548805675 0
M:-89052.89 -89085.5397496851 -47052.40557409263 0
M:-89033.33 -89065.35604701319 -46950.78386260491 0
M:-89003.93 -89034.94759909587 -46851.4781228819 0
M:-88965.26 -88995.00777011308 -46756.440269671046 0
M:-88917.42 -88945.55236805134 -46665.42433091046 0
M:-88860.71 -88886.95964258541 -46579.58016553437 0
M:-88796.83 -88821.18432831153 -46501.137949826276 0
M:-88729.18 -88753.34110382038 -46428.06852656098 0
M:-88661.01 -88685.17110382036 -46354.81852656098 0
M:-88595.66 -88621.48187031715 -46281.96475113099 0
M:-88538.62 -88566.88160447768 -46202.635286174926 0
M:-88492.98 -88523.20765728767 -46117.813900123714 0
M:-88458.90 -88490.54401483643 -46027.88563480996 0
M:-88432.77 -88464.69289455787 -45932.23510628965 0
M:-88407.49 -88439.40188477753 -45835.88126713973 0
M:-88382.12 -88414.06147098534 -45739.267907726695 0
M:-88356.53 -88388.44188477752 -45641.75126713973 0
M:-88331.26 -88363.16846760144 -45545.56831034687 0
M:-88305.65 -88337.56449127538 -45448.06118670341 0
M:-88280.21 -88312.12449127538 -45351.20118670341 0
M:-88254.77 -88286.74563187378 -45254.312849444 0
M:-88235.26 -88268.02566853321 -45161.67675986792 0
M:-88234.08 -88266.95900799242 -45067.93030083546 0
M:-88249.68 -88282.13885031294 -44968.8335183036 0
M:-88266.68 -88299.2666470665 -44872.93438362776 0
M:-88274.96 -88307.9580662753 -44766.86578335675 0
M:-88263.20 -88295.37557675186 -44661.27386867804 0
M:-88230.82 -88260.99356673771 -44559.07924658229 0
M:-88183.55 -88211.83281642714 -44468.903908448105 0
M:-88132.01 -88160.25555315486 -44383.025264540636 0
M:-88080.51 -88108.90990910765 -44297.25290591253 0
M:-88029.65 -88058.0353736749 -44211.86524221173 0
M:-87980.04 -88008.40141951684 -44128.27173812348 0
M:-87927.29 -87955.72096462188 -44039.84163720766 0
M:-87876.07 -87905.01019667351 -43953.4721591085 0
M:-87836.29 -87867.81659482302 -43868.36926331712 0
M:-87815.92 -87848.70186507075 -43777.97879505212 0
M:-87814.40 -87847.28513967582 -43683.56905327957 0
M:-87833.39 -87864.97429277733 -43592.02026292593 0
M:-87869.99 -87900.03776781884 -43503.59282542684 0
M:-87911.52 -87941.5129655713 -43412.58713961598 0
M:-87957.27 -87985.3340010067 -43327.19171482479 0
M:-88017.71 -88041.73135022345 -43253.81531558328 0
M:-88092.28 -88112.72347885964 -43191.304973211976 0
M:-88171.96 -88192.88252934192 -43128.44289560512 0
M:-88242.56 -88267.63950603704 -43056.23957753168 0
M:-88300.30 -88329.23957763519 -42967.26897029432 0
M:-88339.27 -88370.84742935166 -42868.9129024733 0
M:-88360.26 -88392.89533692859 -42766.14398874147 0
M:-88373.83 -88406.51563575196 -42668.38387958987 0
M:-88387.82 -88420.4923812085 -42568.32708613524 0
M:-88401.86 -88434.53154382906 -42468.53300835347 0
M:-88415.74 -88448.40966820814 -42369.89620266101 0
M:-88432.68 -88464.95214443983 -42273.65054842652 0
M:-88458.76 -88490.07742428235 -42181.03731156704 0
M:-88494.49 -88524.72176035542 -42092.06672308032 0
M:-88537.35 -88567.2307319848 -41999.58813995311 0
M:-88579.38 -88609.24455736685 -41910.07129188906 0
M:-88622.38 -88652.24271678801 -41818.49520494335 0
M:-88664.70 -88694.58630862398 -41728.37622876319 0
M:-88705.42 -88735.98037820957 -41635.93196823435 0
M:-88738.76 -88770.37201005152 -41538.104627916786 0
M:-88762.10 -88794.51003139021 -41438.14439895934 0
M:-88777.04 -88809.76223230669 -41337.51043292302 0
M:-88789.73 -88822.45264605345 -41238.51723655796 0
M:-88802.57 -88835.29181779412 -41138.973628980086 0
M:-88815.51 -88848.24434600327 -41038.91403783157 0
M:-88830.77 -88863.26113796023 -40935.485141700505 0
M:-88851.90 -88883.65811611249 -40847.172178893896 0
M:-88883.56 -88914.23270709836 -40756.74668522786 0
M:-88925.58 -88954.78682649408 -40667.99921019928 0
M:-88974.67 -89003.01686041513 -40583.21591680156 0
M:-89026.00 -89054.34543101826 -40497.348314364506 0
M:-89081.85 -89109.00925143536 -40409.374173530116 0
M:-89141.13 -89164.95692905862 -40340.78364013337 0
M:-89213.23 -89235.68648755964 -40272.95573660444 0
M:-89285.77 -89309.51025876588 -40202.571758467275 0
M:-89349.99 -89377.88749291914 -40116.67802125441 0
M:-89393.40 -89424.40265850049 -40022.68544300271 0
M:-89420.73 -89452.822950018 -39924.145857703545 0
M:-89444.17 -89476.26368540106 -39825.782783399234 0
M:-89467.04 -89499.14606220351 -39730.01282438002 0
M:-89490.61 -89522.51867972167 -39633.250886937836 0
M:-89524.90 -89554.79381365112 -39541.461561676035 0
M:-89572.62 -89600.6701902721 -39459.747867912745 0
M:-89626.82 -89653.69533832179 -39378.426562966895 0
M:-89692.65 -89715.02440106438 -39308.385434782176 0
M:-89771.85 -89790.49555093698 -39250.1158044655 0
M:-89855.49 -89875.40257620894 -39191.15793125011 0
M:-89930.61 -89956.2998305321 -39114.72021016895 0
M:-89983.39 -90013.2383677191 -39024.30443762543 0
M:-90013.62 -90046.07644303494 -38921.32667307353 0
M:-90018.85 -90051.78519926962 -38815.8873768546 0
M:-90004.76 -90037.16571277469 -38714.963055280634 0
M:-89986.94 -90019.66051516804 -38617.03636740871 0
M:-89983.38 -90016.33103061048 -38522.59202869601 0
M:-89992.11 -90024.96059095542 -38425.06141279382 0
M:-90002.45 -90035.12147990303 -38326.70345965293 0
M:-90025.74 -90056.657746575 -38237.48999872032 0
M:-90072.66 -90100.1656164835 -38155.14257721312 0
M:-90130.07 -90156.97045446122 -38074.1953149579 0
M:-90188.79 -90215.63589924773 -37991.74978538729 0
M:-90246.43 -90273.2885351257 -37910.836096518346 0
M:-90303.08 -90330.8168643487 -37827.732984843446 0
M:-90350.21 -90381.20122960888 -37729.46935773845 0
M:-90372.05 -90404.86674272102 -37627.8781591435 0
M:-90369.85 -90402.49022026078 -37520.10875439663 0
M:-90349.68 -90381.72793712618 -37422.522087446625 0
M:-90325.18 -90357.23961840323 -37322.13897111522 0
M:-90301.79 -90333.8488697562 -37226.05590391183 0
M:-90278.07 -90310.13111372787 -37128.715107157346 0
M:-90254.45 -90286.51353251367 -37031.65506015941 0
M:-90230.60 -90262.6588697562 -36933.825903911835 0
M:-90206.58 -90238.55718895925 -36835.618951833916 0
M:-90181.25 -90212.50093498305 -36745.81377205565 0
M:-90140.30 -90170.49890371399 -36640.563962337284 0
M:-90100.60 -90130.74055485742 -36551.310006851236 0
M:-90061.43 -90091.54287220344 -36463.63283317127 0
M:-90018.88 -90049.00880416634 -36368.33608751383 0
M:-89978.13 -90008.27055485742 -36277.200006851235 0
M:-89937.16 -89967.29001455866 -36185.44879689343 0
M:-89896.64 -89926.75705173863 -36094.76216776521 0
M:-89855.04 -89885.17176438058 -36001.602716687565 0
M:-89814.88 -89845.00880416634 -35911.61608751383 0
M:-89774.21 -89804.33759340268 -35820.50337896315 0
M:-89733.44 -89763.56759340268 -35729.25337896315 0
M:-89692.63 -89722.76001455866 -35637.94879689343 0
M:-89652.01 -89682.11990045925 -35546.92620801528 0
M:-89611.01 -89641.11990045925 -35455.236208015274 0
M:-89570.02 -89600.16592865453 -35363.47205913494 0
M:-89529.31 -89559.43759340269 -35272.22337896315 0
M:-89487.96 -89518.07462810415 -35179.67675241022 0
M:-89447.37 -89477.51472074701 -35088.7793471877 0
M:-89406.76 -89436.88759340269 -34997.79337896315 0
M:-89368.21 -89398.32584010657 -34911.47945967293 0
M:-89325.02 -89355.15001455866 -34814.808796893434 0
M:-89289.21 -89319.35055485742 -34734.620006851226 0
M:-89243.87 -89274.01592865454 -34633.01205913494 0
M:-89202.69 -89232.81759340268 -34540.79337896315 0
M:-89162.21 -89192.33759340268 -34450.03337896315 0
M:-89120.16 -89150.29001455866 -34355.888796893436 0
M:-89080.32 -89110.45176438057 -34266.65271668756 0
M:-89043.79 -89073.90705173863 -34184.78216776521 0
M:-88998.69 -89028.83592865455 -34083.912059134935 0
M:-88958.13 -88988.27176438057 -33993.002716687566 0
M:-88917.02 -88947.14880416634 -33900.98608751383 0
M:-88876.07 -88906.21767326348 -33809.37597900782 0
M:-88835.67 -88865.81713618821 -33718.78477190968 0
M:-88795.01 -88824.90381365112 -33628.138438323964 0
M:-88746.77 -88774.87010714284 -33534.15437619538 0
M:-88690.36 -88716.08287938013 -33451.0859988048 0
M:-88623.35 -88647.42499726571 -33373.53984663409 0
M:-88555.79 -88579.73448082632 -33301.88625517258 0
M:-88485.62 -88509.59242270369 -33227.6346402711 0
M:-88416.09 -88440.06395787335 -33153.94626283763 0
M:-88350.81 -88374.80351467394 -33084.77637627924 0
M:-88286.65 -88310.65342374779 -33016.78627995482 0
M:-88210.18 -88233.21792576325 -32937.02455730033 0
M:-88135.93 -88157.2280672994 -32868.3382163243 0
M:-88057.12 -88076.8172969386 -32805.28810926983 0
M:-87976.51 -87996.10812630411 -32745.779095337704 0
M:-87896.41 -87915.96293715408 -32686.817905691783 0
M:-87814.86 -87834.39561522886 -32626.82252386071 0
M:-87735.13 -87754.72967907102 -32568.250241157646 0
M:-87654.49 -87674.42553034925 -32508.861880338012 0
M:-87576.71 -87598.86774448145 -32446.63535022606 0
M:-87506.17 -87530.8037601165 -32377.939159601436 0
M:-87442.91 -87469.63802322022 -32302.153681945103 0
M:-87387.40 -87414.82414002244 -32222.310161939877 0
M:-87331.63 -87359.00354043835 -32138.879472772973 0
M:-87276.52 -87303.93912299412 -32056.72267020526 0
M:-87219.02 -87246.45714365263 -31970.92465252938 0
M:-87164.11 -87191.55365263975 -31889.00439769756 0
M:-87108.15 -87135.57313470243 -31805.388659833665 0
M:-87052.99 -87080.44215196939 -31723.17214922633 0
M:-86999.03 -87026.42158513049 -31642.461435288864 0
M:-86943.69 -86969.84483688672 -31561.964702735055 0
M:-86879.16 -86901.88203428635 -31486.443384375296 0
M:-86795.28 -86816.18545341835 -31413.161306894322 0
M:-86718.86 -86742.09493845131 -31348.150314092407 0
M:-86656.01 -86682.62285170116 -31279.031708888735 0
M:-86602.65 -86632.16690331786 -31195.594923109962 0
M:-86566.46 -86598.0410438136 -31108.739001613856 0
M:-86546.04 -86578.79011168478 -31017.601547787413 0
M:-86542.00 -86574.96638924823 -30923.02472203014 0
M:-86554.38 -86586.69000733655 -30829.27569975745 0
M:-86577.66 -86609.63465291154 -30733.510980912346 0
M:-86602.90 -86634.87796653731 -30634.827996122895 0
M:-86627.29 -86659.26387239729 -30539.334031333707 0
M:-86653.58 -86685.55485236719 -30436.52020090193 0
M:-86676.88 -86708.8438723973 -30345.484031333704 0
M:-86701.83 -86733.79054249315 -30247.90701092493 0
M:-86726.86 -86758.80877136627 -30149.923892027768 0
M:-86751.46 -86783.43485236718 -30053.89020090193 0
M:-86774.83 -86807.13871548674 -29955.721931501335 0
M:-86786.51 -86819.50795155368 -29850.57077133291 0
M:-86777.82 -86810.20622369031 -29744.454255168093 0
M:-86748.78 -86779.25365007998 -29642.748769214173 0
M:-86705.46 -86734.76115322609 -29549.98654094925 0
M:-86660.12 -86690.41674576732 -29459.78081555135 0
M:-86629.16 -86661.43361502167 -29371.13633217201 0
M:-86618.75 -86651.74950237233 -29278.81374564576 0
M:-86628.23 -86660.78513514136 -29185.375066729783 0
M:-86645.74 -86678.19470857113 -29088.376104146944 0
M:-86663.08 -86695.56419052496 -28992.304059202997 0
M:-86679.98 -86712.45295271068 -28898.51092209789 0
M:-86698.20 -86730.59499284672 -28798.520682349113 0
M:-86724.88 -86756.67643086771 -28700.006856297914 0
M:-86747.57 -86780.05767897524 -28599.92460343311 0
M:-95409.27 -95415.55321522066 -79162.19742947239 0
M:-95308.66 -95315.062003783 -79142.32698087046 0
M:-97266.26 -97281.83905873293 -81405.00085701837 0
M:-94817.24 -94823.67451088659 -79044.89946061667 0
M:-94425.14 -94431.49574483192 -78967.13377630968 0
