-102530.97 -96481.92 0.00
-102570.55 -96487.71 0.00
-102543.01 -96383.07 0.00
-102582.88 -96386.27 0.00
-102546.08 -96283.04 0.00
-102586.07 -96282.19 0.00
-102539.61 -96188.11 0.00
-102579.35 -96183.56 0.00
-102523.12 -96090.92 0.00
-102562.08 -96081.85 0.00
-102498.16 -95997.32 0.00
-102536.60 -95986.25 0.00
-102470.53 -95909.47 0.00
-102508.03 -95895.53 0.00
-102427.35 -95824.75 0.00
-102460.33 -95802.12 0.00
-102363.22 -95753.06 0.00
-102389.26 -95722.70 0.00
-102282.67 -95700.56 0.00
-102300.14 -95664.57 0.00
-102189.96 -95664.30 0.00
-102203.04 -95626.50 0.00
-102092.23 -95630.54 0.00
-102106.16 -95593.04 0.00
-101999.91 -95588.72 0.00
-102019.18 -95553.67 0.00
-101913.85 -95531.15 0.00
-101938.74 -95499.83 0.00
-101838.56 -95460.06 0.00
-101868.30 -95433.31 0.00
-101774.68 -95382.21 0.00
-101806.03 -95357.35 0.00
-101712.64 -95303.86 0.00
-101744.00 -95279.03 0.00
-101649.51 -95223.40 0.00
-101681.56 -95199.47 0.00
-101596.52 -95139.93 0.00
-101632.10 -95121.64 0.00
-101557.93 -95039.25 0.00
-101596.66 -95029.27 0.00
-101541.83 -94936.60 0.00
-101581.77 -94934.29 0.00
-101546.79 -94833.86 0.00
-101586.35 -94839.79 0.00
-101565.54 -94735.34 0.00
-101604.67 -94743.63 0.00
-101581.42 -94637.77 0.00
-101621.32 -94640.67 0.00
-101579.80 -94541.99 0.00
-101619.51 -94537.15 0.00
-101559.09 -94448.48 0.00
-101597.02 -94435.80 0.00
-101520.10 -94361.14 0.00
-101554.68 -94341.02 0.00
-101464.61 -94281.72 0.00
-101495.99 -94256.91 0.00
-101400.81 -94202.42 0.00
-101432.19 -94177.62 0.00
-101342.17 -94114.98 0.00
-101377.76 -94096.71 0.00
-101306.64 -94019.38 0.00
-101345.58 -94010.25 0.00
-101295.82 -93916.08 0.00
-101335.81 -93917.02 0.00
-101304.70 -93814.56 0.00
-101344.42 -93819.31 0.00
-101316.86 -93712.39 0.00
-101356.58 -93717.13 0.00
-101328.44 -93615.03 0.00
-101368.16 -93619.73 0.00
-101340.13 -93516.68 0.00
-101379.85 -93521.42 0.00
-101351.88 -93417.55 0.00
-101391.60 -93422.29 0.00
-101363.66 -93318.20 0.00
-101403.39 -93322.91 0.00
-101375.45 -93218.70 0.00
-101415.18 -93223.39 0.00
-101387.32 -93118.56 0.00
-101427.04 -93123.25 0.00
-101398.95 -93020.31 0.00
-101438.67 -93024.99 0.00
-101409.97 -92921.54 0.00
-101449.82 -92924.95 0.00
-101411.23 -92825.04 0.00
-101451.12 -92822.04 0.00
-101395.98 -92726.44 0.00
-101435.05 -92717.84 0.00
-101373.17 -92629.50 0.00
-101412.08 -92620.26 0.00
-101349.99 -92531.85 0.00
-101388.95 -92522.76 0.00
-101327.25 -92435.82 0.00
-101366.15 -92426.52 0.00
-101304.06 -92337.72 0.00
-101343.00 -92328.55 0.00
-101281.30 -92241.30 0.00
-101320.23 -92232.12 0.00
-101258.11 -92143.06 0.00
-101297.03 -92133.82 0.00
-101235.16 -92045.88 0.00
-101274.08 -92036.66 0.00
-101212.00 -91947.91 0.00
-101250.91 -91938.65 0.00
-101189.28 -91851.75 0.00
-101228.21 -91842.57 0.00
-101166.18 -91753.77 0.00
-101205.11 -91744.60 0.00
-101143.46 -91657.44 0.00
-101182.40 -91648.29 0.00
-101120.30 -91559.15 0.00
-101159.24 -91550.03 0.00
-101097.61 -91462.86 0.00
-101136.55 -91453.71 0.00
-101074.65 -91365.38 0.00
-101113.57 -91356.17 0.00
-101052.99 -91273.54 0.00
-101091.92 -91264.38 0.00
-101028.80 -91170.80 0.00
-101067.73 -91161.65 0.00
-101005.61 -91072.45 0.00
-101044.54 -91063.26 0.00
-100982.54 -90975.05 0.00
-101021.46 -90965.83 0.00
-100959.54 -90877.82 0.00
-100998.46 -90868.61 0.00
-100936.43 -90779.91 0.00
-100975.35 -90770.71 0.00
-100913.45 -90682.56 0.00
-100952.38 -90673.36 0.00
-100890.20 -90584.12 0.00
-100929.13 -90574.92 0.00
-100867.50 -90487.82 0.00
-100906.43 -90478.62 0.00
-100844.55 -90390.55 0.00
-100883.48 -90381.35 0.00
-100821.50 -90292.93 0.00
-100860.43 -90283.71 0.00
-100798.53 -90195.60 0.00
-100837.46 -90186.40 0.00
-100775.58 -90098.34 0.00
-100814.49 -90089.08 0.00
-100752.57 -90001.04 0.00
-100791.51 -89991.88 0.00
-100729.59 -89903.92 0.00
-100768.50 -89894.65 0.00
-100706.42 -89805.88 0.00
-100745.33 -89796.63 0.00
-100683.41 -89708.47 0.00
-100722.34 -89699.27 0.00
-100660.35 -89610.88 0.00
-100699.29 -89601.70 0.00
-100637.40 -89513.62 0.00
-100676.33 -89504.42 0.00
-100614.43 -89416.41 0.00
-100653.36 -89407.23 0.00
-100591.46 -89319.21 0.00
-100630.38 -89309.97 0.00
-100568.42 -89221.68 0.00
-100607.34 -89212.47 0.00
-100547.74 -89122.49 0.00
-100587.24 -89116.17 0.00
-100540.10 -89020.33 0.00
-100580.09 -89020.63 0.00
-100549.67 -88916.44 0.00
-100589.07 -88923.38 0.00
-100576.08 -88816.97 0.00
-100613.72 -88830.49 0.00
-100618.83 -88722.73 0.00
-100653.69 -88742.35 0.00
-100676.06 -88636.19 0.00
-100708.09 -88660.15 0.00
-100737.18 -88556.76 0.00
-100768.88 -88581.16 0.00
-100794.27 -88476.92 0.00
-100828.02 -88498.39 0.00
-100841.08 -88385.04 0.00
-100878.18 -88399.99 0.00
-100868.91 -88292.97 0.00
-100908.04 -88301.27 0.00
-100880.58 -88197.70 0.00
-100920.56 -88198.99 0.00
-100876.48 -88101.42 0.00
-100916.26 -88097.23 0.00
-100864.63 -88002.39 0.00
-100904.33 -87997.50 0.00
-100852.59 -87903.64 0.00
-100892.30 -87898.78 0.00
-100840.38 -87803.37 0.00
-100880.08 -87798.50 0.00
-100828.53 -87705.84 0.00
-100868.24 -87701.05 0.00
-100816.94 -87610.68 0.00
-100856.64 -87605.77 0.00
-100805.16 -87513.98 0.00
-100844.87 -87509.16 0.00
-100792.14 -87408.43 0.00
-100831.78 -87403.11 0.00
-100773.74 -87314.39 0.00
-100812.23 -87303.52 0.00
-100738.33 -87227.02 0.00
-100773.63 -87208.22 0.00
-100685.90 -87147.52 0.00
-100717.66 -87123.20 0.00
-100625.97 -87068.43 0.00
-100658.83 -87045.61 0.00
-100579.82 -86983.85 0.00
-100617.13 -86969.43 0.00
-100555.83 -86881.93 0.00
-100595.65 -86878.11 0.00
-100563.13 -86770.58 0.00
-100602.22 -86779.11 0.00
-100602.12 -86669.19 0.00
-100637.08 -86688.62 0.00
-100662.39 -86582.85 0.00
-100694.02 -86607.33 0.00
-100717.82 -86504.15 0.00
-100752.38 -86524.29 0.00
-100751.73 -86418.43 0.00
-100790.68 -86427.54 0.00
-100759.62 -86323.72 0.00
-100799.54 -86321.09 0.00
-100744.63 -86238.76 0.00
-100783.29 -86228.48 0.00
-100711.46 -86138.81 0.00
-100748.78 -86124.43 0.00
-100674.32 -86044.23 0.00
-100712.05 -86030.96 0.00
-100648.15 -85944.23 0.00
-100687.45 -85936.75 0.00
-100628.29 -85846.60 0.00
-100667.10 -85836.92 0.00
-100600.78 -85753.23 0.00
-100639.12 -85741.83 0.00
-100580.48 -85654.04 0.00
-100620.35 -85650.91 0.00
-100589.49 -85542.97 0.00
-100628.31 -85552.59 0.00
-100624.25 -85446.67 0.00
-100660.92 -85462.64 0.00
-100659.20 -85356.76 0.00
-100697.58 -85368.05 0.00
-100672.19 -85263.85 0.00
-100712.19 -85263.92 0.00
-100658.69 -85170.30 0.00
-100697.10 -85159.12 0.00
-100619.16 -85084.69 0.00
-100652.78 -85063.01 0.00
-100560.28 -85017.35 0.00
-100587.09 -84987.67 0.00
-100392.43 -84914.57 0.00
-100414.23 -84881.03 0.00
-100308.91 -84849.05 0.00
-100336.28 -84819.88 0.00
-100243.50 -84766.57 0.00
-100277.99 -84746.29 0.00
-100203.54 -84668.39 0.00
-100242.22 -84658.21 0.00
-100184.78 -84569.06 0.00
-100224.33 -84563.11 0.00
-100169.75 -84469.70 0.00
-100209.29 -84463.68 0.00
-100154.71 -84371.09 0.00
-100194.26 -84365.08 0.00
-100139.57 -84271.63 0.00
-100179.11 -84265.57 0.00
-100124.93 -84172.48 0.00
-100164.63 -84167.60 0.00
-100122.29 -84067.98 0.00
-100162.07 -84072.21 0.00
-100147.68 -83967.27 0.00
-100185.07 -83981.48 0.00
-100186.22 -83872.76 0.00
-100223.62 -83886.95 0.00
-100209.98 -83778.68 0.00
-100249.74 -83783.00 0.00
-100206.96 -83687.17 0.00
-100246.29 -83679.91 0.00
-100178.08 -83598.54 0.00
-100214.06 -83581.07 0.00
-100123.77 -83519.62 0.00
-100153.27 -83492.62 0.00
-100051.80 -83455.45 0.00
-100076.85 -83424.26 0.00
-99975.25 -83390.44 0.00
-100003.22 -83361.84 0.00
-99909.90 -83307.98 0.00
-99944.39 -83287.73 0.00
-99865.16 -83214.84 0.00
-99901.95 -83199.14 0.00
-99826.09 -83123.49 0.00
-99862.85 -83107.72 0.00
-99786.61 -83031.31 0.00
-99823.38 -83015.58 0.00
-99747.67 -82940.38 0.00
-99784.47 -82924.70 0.00
-99707.76 -82847.59 0.00
-99744.39 -82831.52 0.00
-99662.96 -82761.92 0.00
-99696.27 -82739.78 0.00
-99601.69 -82691.08 0.00
-99628.18 -82661.11 0.00
-99522.73 -82636.80 0.00
-99540.80 -82601.12 0.00
-99433.99 -82604.62 0.00
-99443.48 -82565.76 0.00
-99337.22 -82587.02 0.00
-99343.63 -82547.54 0.00
-99237.75 -82565.23 0.00
-99249.49 -82526.99 0.00
-99141.15 -82524.31 0.00
-99159.94 -82489.00 0.00
-99054.24 -82474.63 0.00
-99074.32 -82440.04 0.00
-98968.02 -82424.48 0.00
-98988.52 -82390.14 0.00
-98882.99 -82365.51 0.00
-98908.85 -82334.99 0.00
-98810.57 -82290.51 0.00
-98842.22 -82266.06 0.00
-98755.28 -82202.39 0.00
-98791.14 -82184.68 0.00
-98714.19 -82110.59 0.00
-98750.93 -82094.77 0.00
-98674.46 -82018.41 0.00
-98711.18 -82002.55 0.00
-98632.43 -81931.37 0.00
-98666.74 -81910.81 0.00
-98573.10 -81859.12 0.00
-98599.82 -81829.34 0.00
-98495.41 -81807.39 0.00
-98512.22 -81771.10 0.00
-98402.94 -81779.92 0.00
-98408.88 -81740.36 0.00
-98306.45 -81771.57 0.00
-98308.82 -81731.64 0.00
-98204.35 -81759.89 0.00
-98212.29 -81720.68 0.00
-98108.39 -81727.07 0.00
-98125.92 -81691.12 0.00
-98020.99 -81676.10 0.00
-98042.53 -81642.39 0.00
-97931.32 -81620.00 0.00
-97950.74 -81585.03 0.00
-97845.22 -81584.10 0.00
-97856.28 -81545.66 0.00
-97749.36 -81564.38 0.00
-97756.51 -81525.02 0.00
-97650.79 -81546.67 0.00
-97657.84 -81507.30 0.00
-97552.20 -81528.98 0.00
-97559.21 -81489.60 0.00
-97453.84 -81511.24 0.00
-97460.86 -81471.86 0.00
-97354.10 -81490.94 0.00
-97363.93 -81452.17 0.00
-97175.88 -81390.91 0.00
-97204.35 -81362.82 0.00
-97112.80 -81303.80 0.00
-97148.41 -81285.57 0.00
-97075.25 -81195.27 0.00
-97114.11 -81185.78 0.00
-97054.14 -81106.36 0.00
-97093.07 -81097.17 0.00
-97030.86 -81008.11 0.00
-97069.79 -80998.92 0.00
-97008.09 -80912.01 0.00
-97047.01 -80902.80 0.00
-96984.92 -80815.22 0.00
-97023.71 -80805.46 0.00
-96956.39 -80722.68 0.00
-96993.57 -80707.93 0.00
-96913.13 -80635.34 0.00
-96947.19 -80614.37 0.00
-96856.30 -80557.65 0.00
-96886.58 -80531.51 0.00
-96788.02 -80491.45 0.00
-96813.35 -80460.50 0.00
-96707.24 -80436.37 0.00
-96726.86 -80401.51 0.00
-96618.48 -80393.90 0.00
-96634.24 -80357.13 0.00
-96526.67 -80354.99 0.00
-96542.26 -80318.16 0.00
-96432.70 -80315.20 0.00
-96448.34 -80278.38 0.00
-96336.44 -80270.69 0.00
-96355.50 -80235.52 0.00
-96249.00 -80214.52 0.00
-96273.25 -80182.71 0.00
-96170.70 -80144.81 0.00
-96199.63 -80117.19 0.00
-96112.09 -80074.64 0.00
-96144.50 -80051.19 0.00
-96055.82 -79990.01 0.00
-96089.44 -79968.34 0.00
-96002.40 -79906.56 0.00
-96036.28 -79885.30 0.00
-95954.85 -79817.59 0.00
-95991.70 -79802.05 0.00
-95923.50 -79718.78 0.00
-95962.34 -79709.21 0.00
-95898.69 -79622.56 0.00
-95936.90 -79610.75 0.00
-95862.95 -79533.60 0.00
-95898.62 -79515.50 0.00
-95812.05 -79450.29 0.00
-95844.22 -79426.51 0.00
-95750.03 -79378.55 0.00
-95778.07 -79350.02 0.00
-95670.25 -79313.32 0.00
-95692.70 -79280.21 0.00
-95587.34 -79266.64 0.00
-95603.84 -79230.20 0.00
-95501.54 -79235.38 0.00
-95512.11 -79196.80 0.00
-95207.24 -79174.95 0.00
-95214.98 -79135.71 0.00
-95109.48 -79155.59 0.00
-95117.23 -79116.34 0.00
-95011.61 -79136.19 0.00
-95019.37 -79096.95 0.00
-94913.13 -79116.67 0.00
-94920.93 -79077.44 0.00
-94715.22 -79077.44 0.00
-94723.02 -79038.20 0.00
-94618.19 -79058.17 0.00
-94625.99 -79018.94 0.00
-94518.78 -79038.47 0.00
-94526.53 -78999.23 0.00
-94323.74 -78999.85 0.00
-94331.50 -78960.62 0.00
-94226.23 -78980.61 0.00
-94233.97 -78941.36 0.00
-94127.95 -78961.20 0.00
-94135.71 -78921.96 0.00
-94029.96 -78939.77 0.00
-94040.44 -78901.16 0.00
-93930.06 -78898.24 0.00
-93950.89 -78864.09 0.00
-93851.02 -78834.21 0.00
-93880.31 -78806.96 0.00
-93789.01 -78742.85 0.00
-93825.22 -78725.84 0.00
-93759.03 -78648.25 0.00
-93798.51 -78641.84 0.00
-93755.33 -78541.54 0.00
-93795.23 -78544.37 0.00
-93765.23 -78441.95 0.00
-93805.01 -78446.19 0.00
-93775.98 -78340.87 0.00
-93815.77 -78344.97 0.00
-93780.22 -78243.85 0.00
-93820.17 -78241.93 0.00
-93763.62 -78150.77 0.00
-93801.80 -78138.84 0.00
-93724.63 -78065.26 0.00
-93758.61 -78044.17 0.00
-93665.19 -77988.84 0.00
-93694.87 -77962.02 0.00
-93597.91 -77915.64 0.00
-93627.35 -77888.56 0.00
-93529.43 -77841.93 0.00
-93558.24 -77814.18 0.00
-93455.56 -77775.75 0.00
-93479.55 -77743.74 0.00
-93373.82 -77724.27 0.00
-93392.07 -77688.68 0.00
-92900.12 -77600.31 0.00
-92917.40 -77564.24 0.00
-92809.41 -77545.25 0.00
-92832.85 -77512.84 0.00
-92728.42 -77484.59 0.00
-92752.50 -77452.66 0.00
-92648.71 -77424.61 0.00
-92672.78 -77392.66 0.00
-92566.31 -77362.55 0.00
-92590.50 -77330.69 0.00
-92489.75 -77297.74 0.00
-92518.43 -77269.85 0.00
-92425.91 -77213.19 0.00
-92460.61 -77193.31 0.00
-92385.79 -77116.63 0.00
-92424.43 -77106.30 0.00
-92370.95 -77013.47 0.00
-92410.94 -77012.56 0.00
-92377.87 -76910.44 0.00
-92417.57 -76915.37 0.00
-92389.66 -76812.43 0.00
-92429.50 -76816.00 0.00
-92392.95 -76715.95 0.00
-92432.94 -76714.95 0.00
-92388.09 -76614.92 0.00
-92428.02 -76612.61 0.00
-92382.45 -76516.13 0.00
-92422.40 -76514.06 0.00
-92383.04 -76412.15 0.00
-92422.89 -76415.62 0.00
-92405.51 -76303.35 0.00
-92443.53 -76315.80 0.00
-92444.68 -76214.26 0.00
-92479.69 -76233.59 0.00
-92496.34 -76128.82 0.00
-92530.23 -76150.08 0.00
-92549.64 -76043.70 0.00
-92583.55 -76064.92 0.00
-92600.95 -75958.61 0.00
-92636.24 -75977.46 0.00
-92635.67 -75870.63 0.00
-92674.45 -75880.43 0.00
-92647.47 -75773.97 0.00
-92687.47 -75773.64 0.00
-92637.17 -75689.80 0.00
-92676.09 -75680.57 0.00
-92604.33 -75601.93 0.00
-92639.67 -75583.20 0.00
-92544.89 -75518.28 0.00
-92574.06 -75490.91 0.00
-92472.25 -75450.48 0.00
-92498.67 -75420.45 0.00
-92397.03 -75384.34 0.00
-92423.64 -75354.47 0.00
-92326.33 -75311.59 0.00
-92357.95 -75287.10 0.00
-92275.17 -75219.10 0.00
-92312.60 -75204.99 0.00
-92246.05 -75120.61 0.00
-92284.68 -75110.23 0.00
-92219.22 -75021.15 0.00
-92257.82 -75010.67 0.00
-92188.69 -74907.96 0.00
-92227.31 -74897.55 0.00
-92167.91 -74830.94 0.00
-92206.54 -74820.57 0.00
-92141.63 -74734.56 0.00
-92180.11 -74723.66 0.00
-92106.42 -74645.95 0.00
-92141.38 -74626.51 0.00
-92050.31 -74569.52 0.00
-92078.89 -74541.54 0.00
-91975.85 -74504.80 0.00
-92000.63 -74473.40 0.00
-91900.74 -74441.84 0.00
-91928.50 -74413.05 0.00
-91831.33 -74357.28 0.00
-91864.73 -74335.27 0.00
-91782.30 -74270.49 0.00
-91818.20 -74252.84 0.00
-91743.91 -74174.69 0.00
-91782.31 -74163.49 0.00
-91723.80 -74074.64 0.00
-91763.42 -74069.16 0.00
-91709.33 -73974.64 0.00
-91748.58 -73966.93 0.00
-91682.36 -73882.68 0.00
-91719.49 -73867.80 0.00
-91637.42 -73798.34 0.00
-91670.69 -73776.13 0.00
-91576.22 -73724.81 0.00
-91604.24 -73696.26 0.00
-91499.45 -73663.11 0.00
-91522.11 -73630.14 0.00
-91419.11 -73609.56 0.00
-91441.35 -73576.32 0.00
-91335.37 -73546.62 0.00
-91362.19 -73516.94 0.00
-91266.96 -73471.02 0.00
-91299.02 -73447.09 0.00
-91208.58 -73383.69 0.00
-91242.20 -73362.02 0.00
-91157.40 -73304.63 0.00
-91190.98 -73282.90 0.00
-91101.58 -73218.42 0.00
-91135.15 -73196.67 0.00
-91047.30 -73134.69 0.00
-91080.88 -73112.96 0.00
-90992.63 -73050.42 0.00
-91026.16 -73028.61 0.00
-90938.41 -72966.86 0.00
-90971.96 -72945.09 0.00
-90884.09 -72883.25 0.00
-90917.64 -72861.48 0.00
-90828.98 -72798.48 0.00
-90862.47 -72776.61 0.00
-90775.97 -72710.74 0.00
-90811.83 -72693.01 0.00
-90742.61 -72612.23 0.00
-90781.98 -72605.19 0.00
-90735.89 -72509.45 0.00
-90775.89 -72509.33 0.00
-90731.03 -72411.09 0.00
-90770.58 -72405.10 0.00
-90703.02 -72321.49 0.00
-90738.94 -72303.89 0.00
-90649.68 -72243.33 0.00
-90680.02 -72217.25 0.00
-90583.14 -72169.98 0.00
-90613.34 -72143.75 0.00
-90523.67 -72084.65 0.00
-90559.16 -72066.20 0.00
-90489.20 -71981.23 0.00
-90528.66 -71974.70 0.00
-90486.00 -71879.41 0.00
-90525.83 -71883.11 0.00
-90499.92 -71780.69 0.00
-90539.43 -71786.89 0.00
-90515.69 -71679.70 0.00
-90555.21 -71685.85 0.00
-90531.02 -71581.38 0.00
-90570.55 -71587.52 0.00
-90546.41 -71482.41 0.00
-90585.95 -71488.49 0.00
-90561.47 -71385.74 0.00
-90600.98 -71391.94 0.00
-90577.03 -71284.95 0.00
-90616.61 -71290.73 0.00
-90584.78 -71190.47 0.00
-90624.77 -71190.75 0.00
-90573.44 -71094.23 0.00
-90612.41 -71085.23 0.00
-90542.79 -71001.66 0.00
-90579.81 -70986.51 0.00
-90505.05 -70911.38 0.00
-90541.99 -70896.05 0.00
-90471.25 -70811.68 0.00
-90510.12 -70802.25 0.00
-90457.96 -70707.43 0.00
-90497.93 -70705.77 0.00
-90456.16 -70608.54 0.00
-90496.15 -70607.98 0.00
-90454.65 -70507.58 0.00
-90494.65 -70506.97 0.00
-90453.18 -70408.00 0.00
-90493.18 -70407.50 0.00
-90457.41 -70304.76 0.00
-90497.09 -70309.83 0.00
-90484.64 -70203.46 0.00
-90521.69 -70218.52 0.00
-90536.75 -70111.87 0.00
-90568.77 -70135.85 0.00
-90607.45 -70038.58 0.00
-90632.34 -70069.88 0.00
-90694.80 -69983.24 0.00
-90713.26 -70018.72 0.00
-90787.36 -69936.99 0.00
-90806.20 -69972.28 0.00
-90866.81 -69884.89 0.00
-90892.74 -69915.35 0.00
-90931.17 -69815.41 0.00
-90963.59 -69838.83 0.00
-90976.64 -69732.54 0.00
-91013.53 -69748.00 0.00
-91010.93 -69639.77 0.00
-91048.63 -69653.14 0.00
-91043.52 -69545.99 0.00
-91081.66 -69558.05 0.00
-91065.65 -69450.72 0.00
-91105.30 -69456.01 0.00
-91070.13 -69353.53 0.00
-91110.12 -69352.59 0.00
-91063.16 -69254.60 0.00
-91102.87 -69249.83 0.00
-91049.33 -69156.00 0.00
-91088.90 -69150.18 0.00
-91035.08 -69058.77 0.00
-91074.68 -69053.11 0.00
-91020.59 -68959.90 0.00
-91060.15 -68954.01 0.00
-91006.03 -68860.98 0.00
-91045.60 -68855.13 0.00
-90991.50 -68761.78 0.00
-91031.08 -68756.05 0.00
-90976.93 -68663.22 0.00
-91016.50 -68657.37 0.00
-90963.20 -68560.46 0.00
-91003.04 -68557.00 0.00
-90961.97 -68476.03 0.00
-91001.88 -68478.80 0.00
-90984.59 -68356.81 0.00
-91022.78 -68368.70 0.00
-91025.91 -68260.68 0.00
-91060.93 -68280.00 0.00
-91085.54 -68174.94 0.00
-91115.93 -68200.96 0.00
-91161.05 -68101.81 0.00
-91187.03 -68132.23 0.00
-91234.73 -68040.16 0.00
-91260.39 -68070.85 0.00
-91311.05 -67976.13 0.00
-91337.11 -68006.48 0.00
-91382.92 -67908.87 0.00
-91411.69 -67936.66 0.00
-91447.56 -67834.85 0.00
-91478.95 -67859.64 0.00
-91504.48 -67754.67 0.00
-91538.23 -67776.14 0.00
-91551.86 -67671.37 0.00
-91587.51 -67689.50 0.00
-91592.90 -67579.68 0.00
-91629.89 -67594.90 0.00
-91631.39 -67485.44 0.00
-91668.41 -67500.59 0.00
-91703.65 -67308.51 0.00
-91740.69 -67323.63 0.00
-91743.68 -67210.32 0.00
-91780.70 -67225.49 0.00
-91781.54 -67117.59 0.00
-91818.51 -67132.86 0.00
-91823.00 -67029.60 0.00
-91857.68 -67049.54 0.00
-91887.18 -66943.01 0.00
-91916.24 -66970.50 0.00
-91967.65 -66875.77 0.00
-91989.48 -66909.29 0.00
-92062.27 -66828.82 0.00
-92076.13 -66866.34 0.00
-92167.96 -66796.38 0.00
-92178.86 -66834.87 0.00
-92255.65 -66770.00 0.00
-92268.74 -66807.80 0.00
-92342.75 -66731.74 0.00
-92362.10 -66766.75 0.00
-92424.33 -66677.63 0.00
-92448.79 -66709.28 0.00
-92502.23 -66615.28 0.00
-92527.35 -66646.41 0.00
-92579.83 -66552.29 0.00
-92605.49 -66582.98 0.00
-92647.42 -66485.16 0.00
-92678.33 -66510.55 0.00
-92699.40 -66406.02 0.00
-92735.01 -66424.23 0.00
-92734.07 -66316.68 0.00
-92772.70 -66327.04 0.00
-92754.14 -66220.48 0.00
-92793.50 -66227.62 0.00
-92777.99 -66114.79 0.00
-92816.27 -66126.40 0.00
-92818.73 -66019.01 0.00
-92853.76 -66038.32 0.00
-92874.50 -65937.91 0.00
-92905.17 -65963.57 0.00
-93019.22 -65795.10 0.00
-93047.98 -65822.90 0.00
-93079.20 -65720.89 0.00
-93112.52 -65743.02 0.00
-93125.61 -65634.98 0.00
-93162.62 -65650.14 0.00
-93155.85 -65542.69 0.00
-93194.56 -65552.76 0.00
-93178.90 -65446.21 0.00
-93217.83 -65455.39 0.00
-93202.00 -65348.08 0.00
-93240.94 -65357.23 0.00
-93225.15 -65249.85 0.00
-93264.09 -65259.00 0.00
-93247.98 -65153.11 0.00
-93286.92 -65162.29 0.00
-93271.08 -65055.76 0.00
-93309.91 -65065.37 0.00
-93300.27 -64957.95 0.00
-93337.84 -64971.67 0.00
-92947.17 -65863.72 0.00
-92974.38 -65893.04 0.00
-93338.41 -64863.41 0.00
-93375.24 -64879.02 0.00
-93381.90 -64771.03 0.00
-93416.93 -64790.35 0.00
-93440.45 -64687.70 0.00
-93470.56 -64714.03 0.00
-93516.79 -64616.84 0.00
-93540.54 -64649.03 0.00
-93604.58 -64562.98 0.00
-93623.11 -64598.44 0.00
-93696.52 -64519.95 0.00
-93712.22 -64556.74 0.00
-93792.24 -64483.27 0.00
-93805.20 -64521.11 0.00
-93890.40 -64453.59 0.00
-93900.61 -64492.27 0.00
-93986.23 -64431.87 0.00
-93993.82 -64471.14 0.00
-94087.10 -64416.40 0.00
-94091.85 -64456.11 0.00
-94189.13 -64408.19 0.00
-94190.97 -64448.15 0.00
-94290.97 -64406.56 0.00
-94290.99 -64446.56 0.00
-94390.25 -64406.52 0.00
-94390.32 -64446.52 0.00
-94490.39 -64406.37 0.00
-94490.44 -64446.37 0.00
-94590.75 -64406.19 0.00
-94590.77 -64446.19 0.00
-94690.59 -64406.03 0.00
-94690.71 -64446.03 0.00
-94791.62 -64406.22 0.00
-94791.01 -64446.21 0.00
-94892.20 -64410.67 0.00
-94889.26 -64450.56 0.00
-94992.73 -64420.61 0.00
-94988.28 -64460.36 0.00
-95091.61 -64431.22 0.00
-95088.13 -64471.07 0.00
-95186.82 -64431.43 0.00
-95191.75 -64471.13 0.00
-95281.62 -64406.56 0.00
-95297.12 -64443.43 0.00
-95364.21 -64361.08 0.00
-95385.88 -64394.70 0.00
-95608.43 -64199.54 0.00
-95630.50 -64232.90 0.00
-95692.04 -64144.27 0.00
-95714.08 -64177.65 0.00
-95779.23 -64086.60 0.00
-95801.35 -64119.92 0.00
-95862.54 -64031.37 0.00
-95884.64 -64064.71 0.00
-95945.04 -63976.75 0.00
-95967.16 -64010.07 0.00
-96032.38 -63918.98 0.00
-96054.46 -63952.33 0.00
-96119.94 -63861.05 0.00
-96142.01 -63894.41 0.00
-96197.69 -63809.60 0.00
-96219.78 -63842.94 0.00
-96447.76 -63644.11 0.00
-96469.85 -63677.46 0.00
-96531.72 -63588.54 0.00
-96553.82 -63621.89 0.00
-96615.08 -63533.39 0.00
-96637.20 -63566.71 0.00
-96698.24 -63478.36 0.00
-96720.30 -63511.73 0.00
-96781.55 -63423.22 0.00
-96803.60 -63456.60 0.00
-96865.15 -63367.79 0.00
-96887.33 -63401.08 0.00
-96948.85 -63312.47 0.00
-96970.97 -63345.79 0.00
-97032.11 -63257.37 0.00
-97054.11 -63290.77 0.00
-97115.74 -63202.30 0.00
-97137.70 -63235.73 0.00
-97196.30 -63146.24 0.00
-97221.40 -63177.37 0.00
-97261.07 -63078.95 0.00
-97293.51 -63102.36 0.00
-97306.84 -62994.16 0.00
-97344.34 -63008.11 0.00
-97335.35 -62901.10 0.00
-97373.82 -62912.03 0.00
-97362.34 -62805.68 0.00
-97400.86 -62816.44 0.00
-97384.31 -62710.49 0.00
-97423.86 -62716.49 0.00
-97388.63 -62615.02 0.00
-97428.56 -62612.69 0.00
-97373.51 -62520.76 0.00
-97412.13 -62510.35 0.00
-97339.57 -62431.58 0.00
-97375.21 -62413.40 0.00
-97287.72 -62350.55 0.00
-97319.16 -62325.83 0.00
-97222.04 -62278.82 0.00
-97250.40 -62250.61 0.00
-97151.45 -62206.58 0.00
-97181.04 -62179.68 0.00
-97088.71 -62124.10 0.00
-97122.80 -62103.16 0.00
-97043.34 -62028.57 0.00
-97081.06 -62015.24 0.00
-97017.27 -61929.73 0.00
-97056.41 -61921.45 0.00
-96997.23 -61833.08 0.00
-97036.39 -61824.95 0.00
-96976.83 -61734.27 0.00
-97015.99 -61726.13 0.00
-96953.16 -61639.87 0.00
-96991.14 -61627.31 0.00
-96913.69 -61552.89 0.00
-96947.95 -61532.23 0.00
-96856.24 -61475.86 0.00
-96886.21 -61449.36 0.00
-96789.00 -61402.67 0.00
-96818.27 -61375.41 0.00
-96720.28 -61328.74 0.00
-96749.53 -61301.46 0.00
-96651.51 -61254.78 0.00
-96680.85 -61227.59 0.00
-96580.43 -61180.22 0.00
-96607.92 -61151.16 0.00
-96508.04 -61125.35 0.00
-96528.10 -61090.74 0.00
-96422.14 -61089.52 0.00
-96432.66 -61050.93 0.00
-96325.85 -61070.74 0.00
-96331.65 -61031.16 0.00
-96228.07 -61055.18 0.00
-96235.87 -61015.95 0.00
-96126.88 -61024.82 0.00
-96142.17 -60987.86 0.00
-96037.46 -60976.36 0.00
-96060.10 -60943.39 0.00
-95958.43 -60910.01 0.00
-95986.97 -60881.99 0.00
-95892.47 -60827.42 0.00
-95925.92 -60805.47 0.00
-95840.76 -60742.92 0.00
-95875.08 -60722.38 0.00
-95785.30 -60659.72 0.00
-95816.84 -60635.13 0.00
-95718.86 -60590.66 0.00
-95744.84 -60560.24 0.00
-95639.93 -60536.01 0.00
-95659.37 -60501.06 0.00
-95551.30 -60493.65 0.00
-95567.42 -60457.04 0.00
-95458.51 -60449.68 0.00
-95477.22 -60414.32 0.00
-95371.14 -60399.46 0.00
-95391.74 -60365.18 0.00
-95285.71 -60348.10 0.00
-95306.36 -60313.84 0.00
-95200.01 -60296.59 0.00
-95220.61 -60262.30 0.00
-95114.63 -60245.29 0.00
-95135.23 -60211.00 0.00
-95028.73 -60193.65 0.00
-95049.35 -60159.37 0.00
-94942.75 -60141.83 0.00
-94963.69 -60107.76 0.00
-94858.88 -60083.60 0.00
-94884.36 -60052.76 0.00
-94785.34 -60009.12 0.00
-94816.68 -59984.26 0.00
-94729.25 -59921.70 0.00
-94764.88 -59903.53 0.00
-94692.88 -59826.56 0.00
-94731.36 -59815.65 0.00
-94669.42 -59726.12 0.00
-94708.56 -59717.88 0.00
-94648.61 -59627.46 0.00
-94687.74 -59619.20 0.00
-94628.18 -59530.51 0.00
-94667.31 -59522.22 0.00
-94607.53 -59432.62 0.00
-94646.67 -59424.36 0.00
-94586.86 -59334.78 0.00
-94625.99 -59326.48 0.00
-94565.98 -59235.91 0.00
-94605.11 -59227.62 0.00
-94545.71 -59139.92 0.00
-94584.85 -59131.70 0.00
-94524.68 -59040.32 0.00
-94563.82 -59032.08 0.00
-94504.07 -58943.93 0.00
-94543.06 -58935.00 0.00
-94477.12 -58850.74 0.00
-94514.51 -58836.52 0.00
-94433.74 -58760.50 0.00
-94468.09 -58740.01 0.00
-94382.60 -58688.08 0.00
-94413.48 -58662.66 0.00
-94310.56 -58615.68 0.00
-94336.38 -58585.13 0.00
-94231.45 -58558.37 0.00
-94253.29 -58524.86 0.00
-94147.29 -58504.08 0.00
-94168.93 -58470.44 0.00
-94063.11 -58449.72 0.00
-94084.78 -58416.10 0.00
-93980.31 -58396.35 0.00
-94001.94 -58362.70 0.00
-93895.27 -58341.49 0.00
-93917.09 -58307.97 0.00
-93811.60 -58287.48 0.00
-93833.20 -58253.82 0.00
-93727.48 -58233.23 0.00
-93749.16 -58199.61 0.00
-93643.03 -58178.73 0.00
-93664.71 -58145.11 0.00
-93557.92 -58123.79 0.00
-93579.60 -58090.18 0.00
-93474.97 -58069.54 0.00
-93497.76 -58036.67 0.00
-93395.72 -58009.82 0.00
-93421.21 -57978.99 0.00
-93318.78 -57936.37 0.00
-93348.44 -57909.54 0.00
-93255.00 -57856.30 0.00
-93287.86 -57833.50 0.00
-93201.62 -57768.70 0.00
-93237.07 -57750.17 0.00
-93159.55 -57675.43 0.00
-93197.00 -57661.39 0.00
-93129.46 -57578.14 0.00
-93168.32 -57568.63 0.00
-93111.82 -57477.97 0.00
-93151.57 -57473.48 0.00
-93106.45 -57373.70 0.00
-93146.45 -57373.42 0.00
-93106.24 -57274.31 0.00
-93146.24 -57274.19 0.00
-93103.03 -57178.62 0.00
-93142.83 -57174.65 0.00
-93082.71 -57079.47 0.00
-93120.87 -57067.48 0.00
-93046.14 -56995.06 0.00
-93081.04 -56975.51 0.00
-92991.24 -56916.33 0.00
-93021.41 -56890.07 0.00
-92921.75 -56848.22 0.00
-92948.08 -56818.11 0.00
-92845.81 -56782.86 0.00
-92871.86 -56752.51 0.00
-92770.47 -56718.10 0.00
-92796.58 -56687.79 0.00
-92694.43 -56652.75 0.00
-92720.46 -56622.38 0.00
-92618.49 -56587.50 0.00
-92644.54 -56557.14 0.00
-92542.90 -56522.51 0.00
-92568.97 -56492.17 0.00
-92466.14 -56456.52 0.00
-92492.24 -56426.21 0.00
-92393.78 -56394.29 0.00
-92419.88 -56363.98 0.00
-92315.58 -56327.02 0.00
-92341.66 -56296.69 0.00
-92239.28 -56261.42 0.00
-92265.36 -56231.08 0.00
-92163.74 -56196.44 0.00
-92189.80 -56166.09 0.00
-92087.86 -56131.24 0.00
-92113.99 -56100.95 0.00
-92011.75 -56065.84 0.00
-92037.89 -56035.56 0.00
-91936.76 -56001.33 0.00
-91962.86 -55971.01 0.00
-91860.35 -55935.67 0.00
-91886.41 -55905.32 0.00
-91784.69 -55870.69 0.00
-91810.71 -55840.30 0.00
-91708.82 -55805.52 0.00
-91734.88 -55775.17 0.00
-91632.88 -55740.32 0.00
-91658.89 -55709.93 0.00
-91557.04 -55674.12 0.00
-91584.17 -55644.73 0.00
-91486.03 -55600.79 0.00
-91516.38 -55574.72 0.00
-91424.07 -55517.86 0.00
-91457.50 -55495.91 0.00
-91373.94 -55428.99 0.00
-91409.88 -55411.41 0.00
-91332.23 -55337.11 0.00
-91368.81 -55320.93 0.00
-91292.05 -55246.23 0.00
-91328.63 -55230.04 0.00
-91251.30 -55154.27 0.00
-91287.87 -55138.06 0.00
-91210.46 -55062.12 0.00
-91247.02 -55045.90 0.00
-91169.29 -54969.12 0.00
-91205.88 -54952.96 0.00
-91130.14 -54877.85 0.00
-91167.39 -54863.29 0.00
-91102.34 -54778.05 0.00
-91141.79 -54771.38 0.00
-91094.38 -54675.33 0.00
-91134.37 -54674.60 0.00
-91092.53 -54576.29 0.00
-91132.47 -54574.24 0.00
-91079.32 -54479.70 0.00
-91118.17 -54470.19 0.00
-91047.37 -54390.05 0.00
-91083.39 -54372.64 0.00
-90997.90 -54308.62 0.00
-91030.34 -54285.23 0.00
-90937.30 -54228.92 0.00
-90969.35 -54204.98 0.00
-90882.34 -54141.15 0.00
-90918.20 -54123.41 0.00
-90849.38 -54041.13 0.00
-90888.70 -54033.80 0.00
-90841.71 -53937.12 0.00
-90881.71 -53937.17 0.00
-90841.73 -53837.80 0.00
-90881.69 -53836.18 0.00
-90827.50 -53742.73 0.00
-90865.97 -53731.79 0.00
-90789.92 -53655.99 0.00
-90824.42 -53635.75 0.00
-90739.62 -53579.18 0.00
-90772.82 -53556.87 0.00
-90684.78 -53485.79 0.00
-90720.79 -53468.37 0.00
-90648.18 -53391.35 0.00
-90686.24 -53379.04 0.00
-90618.12 -53295.75 0.00
-90656.29 -53283.80 0.00
-90587.98 -53199.80 0.00
-90626.13 -53187.78 0.00
-90558.04 -53104.28 0.00
-90596.19 -53092.26 0.00
-90528.00 -53008.54 0.00
-90566.18 -52996.60 0.00
-90497.49 -52914.74 0.00
-90535.04 -52900.98 0.00
-90457.50 -52827.00 0.00
-90492.43 -52807.50 0.00
-90401.54 -52744.14 0.00
-90433.49 -52720.07 0.00
-90341.73 -52664.60 0.00
-90373.80 -52640.70 0.00
-90281.86 -52585.06 0.00
-90313.84 -52561.03 0.00
-90221.67 -52504.66 0.00
-90253.83 -52480.86 0.00
-90166.73 -52417.09 0.00
-90202.14 -52398.50 0.00
-90127.14 -52322.40 0.00
-90164.70 -52308.66 0.00
-90093.46 -52228.16 0.00
-90131.06 -52214.52 0.00
-90057.52 -52137.92 0.00
-90093.66 -52120.77 0.00
-90009.03 -52054.62 0.00
-90041.60 -52031.40 0.00
-89948.28 -51982.47 0.00
-89976.57 -51954.20 0.00
-89872.17 -51917.20 0.00
-89896.66 -51885.58 0.00
-89792.61 -51856.46 0.00
-89816.86 -51824.65 0.00
-89713.89 -51796.34 0.00
-89738.17 -51764.56 0.00
-89633.91 -51735.25 0.00
-89658.19 -51703.46 0.00
-89553.81 -51674.15 0.00
-89578.11 -51642.37 0.00
-89475.31 -51614.23 0.00
-89499.58 -51582.43 0.00
-89395.65 -51553.42 0.00
-89419.91 -51521.62 0.00
-89316.39 -51492.92 0.00
-89340.66 -51461.12 0.00
-89236.04 -51431.56 0.00
-89260.35 -51399.79 0.00
-89156.62 -51370.85 0.00
-89181.02 -51339.16 0.00
-89078.35 -51305.90 0.00
-89105.55 -51276.58 0.00
-89008.04 -51232.14 0.00
-89038.64 -51206.39 0.00
-88947.29 -51149.15 0.00
-88980.99 -51127.60 0.00
-88897.83 -51059.21 0.00
-88934.07 -51042.26 0.00
-88860.71 -50964.45 0.00
-88898.84 -50952.37 0.00
-88833.20 -50865.03 0.00
-88871.96 -50855.15 0.00
-88808.62 -50769.04 0.00
-88847.38 -50759.15 0.00
-88783.60 -50671.64 0.00
-88822.35 -50661.73 0.00
-88760.99 -50570.61 0.00
-88800.50 -50564.37 0.00
-88758.06 -50468.64 0.00
-88797.85 -50472.78 0.00
-88781.01 -50366.63 0.00
-88819.05 -50379.00 0.00
-88814.04 -50272.13 0.00
-88851.77 -50285.40 0.00
-88842.50 -50178.39 0.00
-88881.41 -50187.68 0.00
-88856.61 -50082.01 0.00
-88896.53 -50084.61 0.00
-88858.25 -49983.77 0.00
-88898.25 -49983.72 0.00
-88862.07 -49881.59 0.00
-88901.87 -49885.57 0.00
-88879.93 -49780.22 0.00
-88918.58 -49790.52 0.00
-88914.96 -49683.37 0.00
-88951.36 -49699.95 0.00
-88960.18 -49593.53 0.00
-88995.64 -49612.04 0.00
-89006.55 -49504.15 0.00
-89042.07 -49522.53 0.00
-89051.99 -49416.50 0.00
-89087.48 -49434.94 0.00
-89097.36 -49327.31 0.00
-89133.43 -49344.61 0.00
-89135.92 -49236.63 0.00
-89173.54 -49250.24 0.00
-89164.62 -49142.84 0.00
-89203.46 -49152.41 0.00
-89183.46 -49046.36 0.00
-89223.07 -49051.97 0.00
-89192.26 -48948.13 0.00
-89232.24 -48949.53 0.00
-89191.54 -48850.45 0.00
-89231.51 -48848.94 0.00
-89186.56 -48749.73 0.00
-89226.50 -48747.66 0.00
-89181.53 -48650.42 0.00
-89221.48 -48648.44 0.00
-89176.50 -48550.24 0.00
-89216.45 -48548.22 0.00
-89171.37 -48448.69 0.00
-89211.32 -48446.65 0.00
-89166.78 -48358.12 0.00
-89206.73 -48356.13 0.00
-89161.33 -48251.18 0.00
-89201.28 -48249.17 0.00
-89156.25 -48151.24 0.00
-89196.20 -48149.22 0.00
-89151.21 -48051.52 0.00
-89191.15 -48049.46 0.00
-89145.05 -47959.71 0.00
-89184.89 -47956.11 0.00
-89133.11 -47853.55 0.00
-89172.81 -47848.61 0.00
-89120.65 -47754.19 0.00
-89160.35 -47749.25 0.00
-89108.18 -47654.56 0.00
-89147.88 -47649.64 0.00
-89095.82 -47555.91 0.00
-89135.51 -47550.90 0.00
-89083.35 -47456.57 0.00
-89123.05 -47451.63 0.00
-89070.78 -47356.43 0.00
-89110.47 -47351.47 0.00
-89058.36 -47257.45 0.00
-89098.05 -47252.50 0.00
-89045.88 -47158.32 0.00
-89085.57 -47153.34 0.00
-89033.11 -47060.17 0.00
-89072.68 -47054.31 0.00
-89013.92 -46963.57 0.00
-89052.74 -46953.92 0.00
-88985.13 -46869.59 0.00
-89022.73 -46855.92 0.00
-88947.24 -46779.39 0.00
-88983.29 -46762.07 0.00
-88900.37 -46693.13 0.00
-88934.47 -46672.22 0.00
-88844.80 -46611.71 0.00
-88876.62 -46587.46 0.00
-88782.07 -46536.90 0.00
-88811.59 -46509.91 0.00
-88714.53 -46464.15 0.00
-88743.82 -46436.92 0.00
-88646.36 -46390.90 0.00
-88675.65 -46363.67 0.00
-88580.01 -46314.97 0.00
-88611.31 -46290.06 0.00
-88521.50 -46230.01 0.00
-88555.75 -46209.35 0.00
-88474.66 -46139.08 0.00
-88511.30 -46123.03 0.00
-88439.72 -46042.95 0.00
-88478.08 -46031.58 0.00
-88413.43 -45945.71 0.00
-88452.12 -45935.54 0.00
-88388.15 -45849.37 0.00
-88426.83 -45839.19 0.00
-88362.76 -45752.61 0.00
-88401.48 -45742.54 0.00
-88337.19 -45655.24 0.00
-88375.87 -45645.06 0.00
-88311.93 -45559.11 0.00
-88350.60 -45548.89 0.00
-88286.30 -45461.51 0.00
-88324.99 -45451.36 0.00
-88260.86 -45364.65 0.00
-88299.55 -45354.50 0.00
-88235.39 -45267.43 0.00
-88274.15 -45257.53 0.00
-88215.41 -45168.05 0.00
-88255.12 -45163.24 0.00
-88214.16 -45063.24 0.00
-88254.01 -45066.78 0.00
-88230.00 -44959.32 0.00
-88269.35 -44966.50 0.00
-88246.94 -44864.56 0.00
-88286.43 -44870.88 0.00
-88254.96 -44767.78 0.00
-88294.96 -44767.09 0.00
-88243.70 -44673.04 0.00
-88282.70 -44664.16 0.00
-88212.54 -44580.57 0.00
-88249.11 -44564.35 0.00
-88166.41 -44496.20 0.00
-88200.69 -44475.60 0.00
-88114.90 -44410.44 0.00
-88149.13 -44389.75 0.00
-88063.29 -44324.23 0.00
-88097.72 -44303.87 0.00
-88012.44 -44238.87 0.00
-88046.85 -44218.49 0.00
-87962.85 -44155.38 0.00
-87997.23 -44134.92 0.00
-87910.06 -44066.74 0.00
-87944.52 -44046.44 0.00
-87858.54 -43978.94 0.00
-87893.61 -43959.72 0.00
-87817.19 -43884.07 0.00
-87855.40 -43872.22 0.00
-87796.06 -43784.14 0.00
-87835.79 -43779.49 0.00
-87794.47 -43679.17 0.00
-87834.33 -43682.49 0.00
-87814.24 -43576.69 0.00
-87852.53 -43588.26 0.00
-87851.78 -43481.69 0.00
-87888.20 -43498.22 0.00
-87893.35 -43390.46 0.00
-87929.70 -43407.16 0.00
-87940.27 -43299.30 0.00
-87974.28 -43320.35 0.00
-88003.16 -43217.47 0.00
-88032.27 -43244.90 0.00
-88079.89 -43149.70 0.00
-88104.67 -43181.10 0.00
-88159.28 -43087.46 0.00
-88184.64 -43118.39 0.00
-88227.36 -43021.79 0.00
-88257.76 -43047.79 0.00
-88282.76 -42941.79 0.00
-88317.84 -42961.02 0.00
-88320.14 -42853.49 0.00
-88358.41 -42865.13 0.00
-88340.49 -42758.26 0.00
-88380.04 -42764.21 0.00
-88354.02 -42661.07 0.00
-88393.64 -42666.59 0.00
-88368.02 -42560.92 0.00
-88407.62 -42566.51 0.00
-88382.05 -42461.10 0.00
-88421.66 -42466.71 0.00
-88395.94 -42362.41 0.00
-88435.54 -42368.06 0.00
-88413.13 -42262.56 0.00
-88452.24 -42270.93 0.00
-88439.77 -42164.33 0.00
-88477.74 -42176.94 0.00
-88476.16 -42070.84 0.00
-88512.81 -42086.86 0.00
-88519.24 -41977.09 0.00
-88555.46 -41994.07 0.00
-88561.28 -41887.52 0.00
-88597.48 -41904.54 0.00
-88604.29 -41795.93 0.00
-88640.48 -41812.96 0.00
-88646.58 -41705.93 0.00
-88682.81 -41722.87 0.00
-88686.90 -41615.95 0.00
-88723.94 -41631.03 0.00
-88719.61 -41522.88 0.00
-88757.92 -41534.37 0.00
-88742.45 -41428.22 0.00
-88781.74 -41435.71 0.00
-88757.20 -41330.70 0.00
-88796.87 -41335.84 0.00
-88769.89 -41231.72 0.00
-88809.56 -41236.85 0.00
-88782.73 -41132.15 0.00
-88822.40 -41137.30 0.00
-88795.67 -41032.17 0.00
-88835.35 -41037.26 0.00
-88811.07 -40926.25 0.00
-88850.46 -40933.22 0.00
-88832.66 -40832.73 0.00
-88871.15 -40843.63 0.00
-88864.97 -40737.19 0.00
-88902.15 -40751.95 0.00
-88907.88 -40643.34 0.00
-88943.28 -40661.95 0.00
-88957.49 -40556.08 0.00
-88991.85 -40576.56 0.00
-89008.82 -40470.20 0.00
-89043.18 -40490.69 0.00
-89065.39 -40379.27 0.00
-89098.31 -40401.99 0.00
-89126.69 -40304.12 0.00
-89155.57 -40331.79 0.00
-89199.62 -40234.12 0.00
-89226.84 -40263.43 0.00
-89271.39 -40165.75 0.00
-89300.16 -40193.54 0.00
-89333.09 -40088.35 0.00
-89366.90 -40109.73 0.00
-89374.61 -40004.52 0.00
-89412.19 -40018.23 0.00
-89401.28 -39911.81 0.00
-89440.18 -39921.12 0.00
-89424.72 -39813.46 0.00
-89463.62 -39822.76 0.00
-89447.59 -39717.73 0.00
-89486.50 -39727.00 0.00
-89471.27 -39619.71 0.00
-89509.95 -39629.93 0.00
-89506.79 -39518.99 0.00
-89543.02 -39535.95 0.00
-89555.62 -39431.83 0.00
-89589.62 -39452.90 0.00
-89610.54 -39347.66 0.00
-89643.11 -39370.88 0.00
-89679.09 -39269.43 0.00
-89706.21 -39298.83 0.00
-89760.55 -39206.39 0.00
-89783.15 -39239.39 0.00
-89843.43 -39148.89 0.00
-89867.56 -39180.79 0.00
-89915.04 -39081.45 0.00
-89946.18 -39106.56 0.00
-89965.30 -39001.70 0.00
-90001.48 -39018.76 0.00
-89993.95 -38911.76 0.00
-90033.29 -38918.98 0.00
-89998.88 -38819.16 0.00
-90038.81 -38816.69 0.00
-89985.12 -38724.98 0.00
-90024.40 -38717.42 0.00
-89967.11 -38623.90 0.00
-90006.77 -38618.72 0.00
-89963.41 -38519.73 0.00
-90003.35 -38521.89 0.00
-89972.20 -38420.00 0.00
-90012.02 -38423.82 0.00
-89982.65 -38319.27 0.00
-90022.25 -38324.88 0.00
-90007.01 -38218.94 0.00
-90044.48 -38232.94 0.00
-90055.99 -38125.86 0.00
-90089.33 -38147.96 0.00
-90113.76 -38043.52 0.00
-90146.37 -38066.67 0.00
-90172.52 -37960.93 0.00
-90205.06 -37984.19 0.00
-90230.16 -37880.03 0.00
-90262.71 -37903.28 0.00
-90286.27 -37799.02 0.00
-90319.89 -37820.69 0.00
-90331.42 -37711.29 0.00
-90368.99 -37725.01 0.00
-90352.17 -37622.26 0.00
-90391.94 -37626.50 0.00
-90350.06 -37527.86 0.00
-90389.63 -37522.01 0.00
-90330.25 -37435.11 0.00
-90369.10 -37425.61 0.00
-90305.75 -37334.70 0.00
-90344.61 -37325.22 0.00
-90282.36 -37238.63 0.00
-90321.22 -37229.14 0.00
-90258.64 -37141.25 0.00
-90297.50 -37131.79 0.00
-90235.01 -37044.15 0.00
-90273.88 -37034.72 0.00
-90211.17 -36946.40 0.00
-90250.03 -36936.91 0.00
-90187.20 -36848.71 0.00
-90225.96 -36838.83 0.00
-90162.31 -36762.84 0.00
-90200.19 -36749.99 0.00
-90121.99 -36661.91 0.00
-90158.60 -36645.80 0.00
-90082.34 -36572.92 0.00
-90118.87 -36556.61 0.00
-90043.18 -36485.31 0.00
-90079.68 -36468.95 0.00
-90000.62 -36389.96 0.00
-90037.14 -36373.64 0.00
-89959.87 -36298.81 0.00
-89996.40 -36282.50 0.00
-89918.90 -36207.06 0.00
-89955.42 -36190.75 0.00
-89878.38 -36116.40 0.00
-89914.89 -36100.07 0.00
-89836.77 -36023.20 0.00
-89873.30 -36006.90 0.00
-89796.62 -35933.24 0.00
-89833.14 -35916.92 0.00
-89755.95 -35842.14 0.00
-89792.47 -35825.81 0.00
-89715.18 -35750.89 0.00
-89751.70 -35734.56 0.00
-89674.37 -35659.56 0.00
-89710.89 -35643.25 0.00
-89633.77 -35568.63 0.00
-89670.26 -35552.25 0.00
-89592.77 -35476.94 0.00
-89629.26 -35460.56 0.00
-89551.75 -35385.03 0.00
-89588.29 -35368.76 0.00
-89511.05 -35293.86 0.00
-89547.57 -35277.53 0.00
-89469.70 -35201.34 0.00
-89506.21 -35184.99 0.00
-89429.10 -35110.35 0.00
-89465.64 -35094.07 0.00
-89388.50 -35019.43 0.00
-89425.02 -35003.10 0.00
-89349.95 -34933.13 0.00
-89386.46 -34916.79 0.00
-89306.76 -34836.42 0.00
-89343.28 -34820.11 0.00
-89270.95 -34756.23 0.00
-89307.48 -34739.92 0.00
-89225.60 -34654.57 0.00
-89262.14 -34638.30 0.00
-89184.43 -34562.43 0.00
-89220.95 -34546.10 0.00
-89143.95 -34471.67 0.00
-89180.47 -34455.34 0.00
-89101.90 -34377.50 0.00
-89138.42 -34361.19 0.00
-89062.05 -34288.25 0.00
-89098.58 -34271.95 0.00
-89025.53 -34206.42 0.00
-89062.04 -34190.09 0.00
-88980.42 -34105.47 0.00
-89016.96 -34089.20 0.00
-88939.87 -34014.60 0.00
-88976.40 -33998.30 0.00
-88898.76 -33922.61 0.00
-88935.28 -33906.29 0.00
-88857.79 -33830.92 0.00
-88894.34 -33814.66 0.00
-88817.40 -33740.33 0.00
-88853.94 -33724.07 0.00
-88776.90 -33650.61 0.00
-88813.13 -33633.65 0.00
-88729.74 -33561.94 0.00
-88763.80 -33540.97 0.00
-88674.77 -33484.29 0.00
-88705.95 -33459.23 0.00
-88608.76 -33409.78 0.00
-88637.94 -33382.43 0.00
-88541.27 -33338.35 0.00
-88570.30 -33310.83 0.00
-88471.10 -33264.06 0.00
-88500.15 -33236.57 0.00
-88401.56 -33190.37 0.00
-88430.62 -33162.88 0.00
-88336.27 -33121.15 0.00
-88365.35 -33093.70 0.00
-88272.11 -33053.17 0.00
-88301.20 -33025.71 0.00
-88196.21 -32974.96 0.00
-88224.14 -32946.33 0.00
-88123.03 -32908.83 0.00
-88148.84 -32878.27 0.00
-88045.19 -32847.82 0.00
-88069.06 -32815.72 0.00
-87964.64 -32788.43 0.00
-87988.39 -32756.24 0.00
-87884.56 -32729.51 0.00
-87908.26 -32697.29 0.00
-87803.02 -32669.54 0.00
-87826.70 -32637.30 0.00
-87723.26 -32610.89 0.00
-87747.01 -32578.71 0.00
-87642.40 -32551.09 0.00
-87666.57 -32519.22 0.00
-87563.29 -32485.91 0.00
-87590.14 -32456.27 0.00
-87491.24 -32413.21 0.00
-87521.10 -32386.59 0.00
-87426.71 -32333.25 0.00
-87459.11 -32309.78 0.00
-87370.77 -32251.79 0.00
-87404.02 -32229.54 0.00
-87315.04 -32168.48 0.00
-87348.22 -32146.14 0.00
-87259.91 -32086.23 0.00
-87293.14 -32063.96 0.00
-87202.40 -32000.38 0.00
-87235.65 -31978.15 0.00
-87147.47 -31918.42 0.00
-87180.74 -31896.22 0.00
-87091.53 -31834.87 0.00
-87124.77 -31812.62 0.00
-87036.36 -31752.60 0.00
-87069.63 -31730.39 0.00
-86982.43 -31672.01 0.00
-87015.63 -31649.71 0.00
-86927.84 -31594.27 0.00
-86959.54 -31569.89 0.00
-86865.39 -31524.87 0.00
-86892.93 -31495.87 0.00
-86782.61 -31454.17 0.00
-86807.95 -31423.22 0.00
-86704.77 -31385.78 0.00
-86732.94 -31357.38 0.00
-86639.88 -31310.38 0.00
-86672.14 -31286.72 0.00
-86584.77 -31219.30 0.00
-86620.54 -31201.41 0.00
-86547.33 -31124.11 0.00
-86585.60 -31112.51 0.00
-86526.19 -31024.16 0.00
-86565.89 -31019.21 0.00
-86522.02 -30920.60 0.00
-86561.98 -30922.43 0.00
-86534.79 -30818.53 0.00
-86573.96 -30826.64 0.00
-86558.29 -30720.38 0.00
-86597.04 -30730.29 0.00
-86583.52 -30621.75 0.00
-86622.28 -30631.62 0.00
-86607.92 -30526.19 0.00
-86646.67 -30536.11 0.00
-86634.20 -30423.39 0.00
-86672.96 -30433.30 0.00
-86657.50 -30332.34 0.00
-86696.25 -30342.26 0.00
-86682.46 -30234.71 0.00
-86721.20 -30244.67 0.00
-86707.49 -30136.70 0.00
-86746.22 -30146.68 0.00
-86732.08 -30040.76 0.00
-86770.84 -30050.67 0.00
-86755.24 -29944.95 0.00
-86794.41 -29953.08 0.00
-86766.52 -29849.63 0.00
-86806.51 -29850.34 0.00
-86758.20 -29754.67 0.00
-86797.45 -29746.96 0.00
-86730.31 -29663.10 0.00
-86767.25 -29647.74 0.00
-86687.71 -29574.38 0.00
-86723.22 -29555.97 0.00
-86641.76 -29480.77 0.00
-86678.48 -29464.93 0.00
-86609.60 -29382.20 0.00
-86648.72 -29373.85 0.00
-86598.75 -29278.35 0.00
-86638.75 -29278.70 0.00
-86608.49 -29176.71 0.00
-86647.96 -29183.25 0.00
-86626.07 -29078.77 0.00
-86665.41 -29086.02 0.00
-86643.40 -28982.91 0.00
-86682.77 -28990.00 0.00
-86660.30 -28889.09 0.00
-86699.66 -28896.20 0.00
-86678.56 -28788.49 0.00
-86717.83 -28796.06 0.00
-86705.60 -28685.83 0.00
-86744.15 -28696.53 0.00
-86727.88 -28590.61 0.00
-86767.26 -28597.64 0.00
-95405.47 -79214.23 0.00
-95413.08 -79174.96 0.00
-95304.78 -79194.32 0.00
-95312.54 -79155.08 0.00
-97256.81 -81451.72 0.00
-97275.70 -81416.46 0.00
-94813.34 -79096.89 0.00
-94821.14 -79057.65 0.00
-94421.28 -79019.14 0.00
-94428.99 -78979.89 0.00
