R:81.677 -102583.41309602474 -96487.59169090408 0
R:85.411 -102595.83832949326 -96385.31004651063 0
R:91.218 -102599.0670643703 -96279.91374331797 0
R:96.532 -102592.2656206809 -96180.08123618273 0
R:103.105 -102574.74142035762 -96076.90238494243 0
R:106.065 -102549.09230318315 -95980.6524506702 0
R:110.392 -102520.21531597784 -95889.00031187384 0
R:124.457 -102471.0491790145 -95792.76478407827 0
R:139.380 -102397.7234993612 -95710.83241779546 0
R:154.107 -102305.81689675558 -95650.87500777144 0
R:160.913 -102207.29109777637 -95612.21471743524 0
R:159.622 -102110.68683284329 -95578.85362299906 0
R:151.199 -102025.44307216506 -95540.27816401736 0
R:141.526 -101946.82810131843 -95487.65244542816 0
R:131.970 -101877.96540908518 -95422.61633177444 0
R:128.414 -101816.21606982467 -95347.27262533203 0
R:128.371 -101754.1920684782 -95268.96019578082 0
R:126.747 -101691.97674676045 -95189.69237909587 0
R:117.206 -101643.6618362992 -95113.69660523013 0
R:104.450 -101609.24877136627 -95024.02610797224 0
R:93.310 -101594.74831131124 -94931.53937658665 0
R:81.475 -101599.20636322403 -94839.71715454798 0
R:78.038 -101617.38772294912 -94744.32435019802 0
R:85.843 -101634.28579835064 -94639.61237632122 0
R:96.949 -101632.41450114668 -94533.5771522148 0
R:108.485 -101609.34930261446 -94429.67831381095 0
R:120.193 -101565.91642566638 -94332.48220692865 0
R:128.331 -101506.18773360539 -94246.84735593533 0
R:128.320 -101442.3893147028 -94167.55935613035 0
R:117.174 -101389.32515628671 -94088.77306812706 0
R:103.195 -101358.23676376184 -94005.28245369425 0
R:88.653 -101348.80641006709 -93915.32549200958 0
R:83.181 -101357.32802830407 -93818.85363379768 0
R:83.195 -101369.48841106718 -93716.67042971951 0
R:83.252 -101381.06993439033 -93619.2576105648 0
R:83.195 -101392.75841106719 -93520.9604297195 0
R:83.195 -101404.50841106719 -93421.83042971948 0
R:83.239 -101416.29959976983 -93322.44043581466 0
R:83.268 -101428.09035796429 -93222.91402665121 0
R:83.266 -101439.95031328771 -93122.77440506847 0
R:83.280 -101451.58069141136 -93024.51119929017 0
R:85.109 -101462.77266434627 -92924.05837102687 0
R:94.301 -101464.08339079873 -92819.06506461778 0
R:102.414 -101447.74606431263 -92713.0453710497 0
R:103.359 -101424.7282573703 -92615.25640457205 0
R:103.133 -101401.60998366254 -92517.80622044422 0
R:103.446 -101378.79368540106 -92421.49721660078 0
R:103.251 -101355.65386894233 -92323.57013409858 0
R:103.268 -101332.88297242626 -92227.1363296462 0
R:103.355 -101309.67843083342 -92128.8171351259 0
R:103.327 -101286.72989026735 -92031.66328909906 0
R:103.387 -101263.55679458933 -91933.6402514033 0
R:103.268 -101240.86297242627 -91837.58632964622 0
R:103.254 -101217.76369814045 -91739.61940888909 0
R:103.223 -101195.05531768563 -91643.31629283965 0
R:103.181 -101171.89748579887 -91545.06553491305 0
R:103.223 -101149.20531768564 -91448.73629283966 0
R:103.314 -101126.2206189875 -91351.176366884 0
R:103.241 -101104.57442318833 -91259.40248866158 0
R:103.227 -101080.38514756956 -91156.67556896323 0
R:103.282 -101057.19224604616 -91058.27325093336 0
R:103.327 -101034.10989026735 -90960.83328909906 0
R:103.314 -101011.1106189875 -90863.616366884 0
R:103.300 -100988.00134704259 -90765.71944520064 0
R:103.296 -100965.03151900053 -90668.37017275096 0
R:103.296 -100941.78151900053 -90569.93017275096 0
R:103.296 -100919.08151900052 -90473.63017275096 0
R:103.296 -100896.13151900053 -90376.36017275097 0
R:103.324 -100873.08006291412 -90278.71401797925 0
R:103.296 -100850.11151900054 -90181.41017275096 0
R:103.387 -100827.13679458934 -90084.07025140332 0
R:103.237 -100804.16459364718 -89986.90321320473 0
R:103.400 -100781.14606220351 -89889.63717561997 0
R:103.373 -100757.97752631172 -89791.62332772081 0
R:103.296 -100734.99151900053 -89694.28017275096 0
R:103.265 -100711.94314357142 -89596.71705552167 0
R:103.296 -100688.98151900053 -89499.43017275096 0
R:103.268 -100666.01297242627 -89402.24632964621 0
R:103.355 -100643.02843083342 -89304.96713512587 0
R:103.314 -100619.99061898749 -89207.476366884 0
R:99.090 -100600.07672821492 -89112.11612348561 0
R:89.570 -100593.08963420756 -89018.72752163697 0
R:80.010 -100601.87290529598 -88923.63513103437 0
R:70.242 -100625.9546823845 -88832.88460429964 0
R:60.628 -100665.01891940775 -88746.7261732295 0
R:53.202 -100718.49974186739 -88665.9369939164 0
R:52.414 -100779.1816952115 -88587.08938054135 0
R:57.538 -100838.9886697919 -88503.36769897577 0
R:68.052 -100890.23782971078 -88402.8488828619 0
R:78.024 -100920.7570636169 -88301.96746046565 0
R:88.152 -100933.55323810768 -88197.40924154976 0
R:96.013 -100929.18848181934 -88093.86825191496 0
R:97.022 -100917.23249153275 -87993.91075104295 0
R:96.978 -100905.20371903382 -87895.20074856449 0
R:96.994 -100892.98327865572 -87794.91715448229 0
R:96.878 -100881.14644293326 -87697.49316641525 0
R:97.050 -100869.54170132877 -87602.17434877773 0
R:96.921 -100857.77528017569 -87505.59355702728 0
R:97.644 -100844.66448180062 -87399.3808011307 0
R:105.770 -100824.74066925954 -87297.98684918547 0
R:118.039 -100785.10418539477 -87200.10910239599 0
R:127.443 -100727.98148393871 -87113.29639517036 0
R:124.778 -100669.50772497576 -87036.19473268573 0
R:111.131 -100629.255854207 -86962.74345972486 0
R:95.480 -100608.59059095541 -86874.86858720619 0
R:77.690 -100614.92111876638 -86779.8815667198 0
R:60.936 -100648.44297122046 -86692.93528978298 0
R:52.262 -100704.30062613945 -86613.28667808705 0
R:59.768 -100763.6119536683 -86528.83547299997 0
R:76.836 -100803.33837579229 -86428.5006624767 0
R:93.769 -100812.51187886584 -86318.23538974405 0
R:104.891 -100795.85342430284 -86223.13928603638 0
R:111.072 -100760.91064229688 -86117.75586719642 0
R:109.377 -100724.3136075032 -86024.64677255323 0
R:100.776 -100700.22074254748 -85932.31933449733 0
R:104.005 -100679.71357125598 -85831.77391987224 0
R:106.559 -100651.58082865868 -85736.12490227676 0
R:94.489 -100633.31012435028 -85647.8925636013 0
R:76.082 -100640.928326635 -85553.71695265916 0
R:66.467 -100672.83875643248 -85465.83068830725 0
R:73.608 -100710.05159627818 -85369.71868999429 0
R:89.900 -100725.1899800938 -85261.94274996516 0
R:106.229 -100709.5819999123 -85153.48686386306 0
R:122.816 -100663.7053843021 -85053.96471946253 0
R:137.908 -100595.80412554128 -84976.02303073237 0
R:146.977 -100421.31462009743 -84868.1300844923 0
R:136.823 -100345.1752338774 -84808.39976718291 0
R:120.455 -100289.19631398015 -84737.70072636944 0
R:104.745 -100254.79188477753 -84652.90126713974 0
R:98.556 -100237.1853369286 -84559.17601125853 0
R:98.657 -100222.14189771988 -84459.7232871959 0
R:98.641 -100207.11245437725 -84361.12694688224 0
R:98.713 -100191.95995710079 -84261.6005832061 0
R:97.008 -100177.53288547946 -84164.01395261614 0
R:83.930 -100174.99712131525 -84071.58460339779 0
R:69.191 -100197.22199228276 -83984.0983420791 0
R:69.223 -100235.7745590254 -83889.56158268904 0
R:83.799 -100262.66393873624 -83782.4042106474 0
R:100.459 -100259.07402190832 -83675.55017292005 0
R:115.899 -100225.75437235963 -83573.39182642795 0
R:132.466 -100162.85974786061 -83481.84294263605 0
R:141.231 -100084.99043955783 -83412.12425908947 0
R:135.638 -100012.30945215154 -83350.54581581929 0
R:120.418 -99955.60057222484 -83279.14797368649 0
R:113.110 -99913.90677204532 -83192.03749059224 0
R:113.219 -99874.79703546783 -83100.59473478435 0
R:113.161 -99835.33224544454 -83008.46689636001 0
R:113.078 -99796.42961729837 -82917.60416306417 0
R:113.688 -99756.29474330359 -82824.2972529378 0
R:123.611 -99707.09664425008 -82730.58390562303 0
R:138.527 -99636.78946254872 -82649.36950952867 0
R:153.140 -99546.67350754778 -82587.522504189 0
R:166.276 -99446.56409608816 -82551.1311302438 0
R:170.778 -99345.71340723807 -82532.70803155084 0
R:162.933 -99253.30535072733 -82512.56248621696 0
R:151.981 -99166.04701680613 -82475.52374862031 0
R:149.864 -99080.84666391787 -82426.79710632873 0
R:149.164 -98995.1835712552 -82376.97770551693 0
R:139.725 -98917.25394850898 -82323.07165087032 0
R:127.687 -98852.50777720529 -82256.11257021582 0
R:116.283 -98802.79601647354 -82176.92350106673 0
R:113.296 -98762.87012687686 -82087.62866066436 0
R:113.360 -98723.11438041444 -81995.39533569246 0
R:120.932 -98677.8911343723 -81902.1277696679 0
R:138.100 -98608.50181137418 -81817.66393926935 0
R:155.146 -98517.68403516996 -81757.30405494837 0
R:171.461 -98410.81033279217 -81725.50411359294 0
R:176.603 -98309.59024475273 -81716.66283840661 0
R:168.552 -98214.87012292646 -81705.9386120974 0
R:154.005 -98131.61777813728 -81677.43516691183 0
R:147.422 -98049.52976571934 -81629.43539914582 0
R:150.955 -97957.05142643287 -81571.66488247388 0
R:163.948 -97859.8745480774 -81531.16683290277 0
R:169.704 -97758.83350887585 -81510.22932736312 0
R:169.848 -97660.13146526463 -81492.50354787681 0
R:169.907 -97561.48830375438 -81474.80119802471 0
R:169.892 -97463.14145380103 -81457.06175916175 0
R:165.773 -97367.12500780758 -81437.56873319426 0
R:134.615 -97213.60393862908 -81351.68957723601 0
R:117.109 -97159.98178553856 -81277.64599970885 0
R:103.724 -97126.7388697562 -81180.69590391182 0
R:103.282 -97105.72224604618 -81092.18325093336 0
R:103.282 -97082.44224604616 -80993.93325093336 0
R:103.314 -97059.66061898749 -80897.806366884 0
R:104.123 -97036.31705848275 -80800.28792238228 0
R:111.639 -97005.6538213584 -80701.13612251112 0
R:121.620 -96958.26010714284 -80605.55437619537 0
R:130.803 -96896.42045264004 -80521.01497252275 0
R:140.703 -96821.58350724964 -80448.43971380277 0
R:150.628 -96733.2361732295 -80388.18108059224 0
R:156.800 -96639.36134306985 -80343.18128269809 0
R:157.057 -96547.3275466176 -80304.1883680612 0
R:156.986 -96453.4224886003 -80264.41470394735 0
R:151.545 -96361.69408868745 -80222.09050896444 0
R:142.680 -96281.13140122584 -80170.37155162913 0
R:133.673 -96209.03281036543 -80106.21296500889 0
R:125.887 -96155.03222776524 -80041.5694896299 0
R:122.804 -96100.3668643487 -79959.29701515655 0
R:122.109 -96047.29154370839 -79876.39015881818 0
R:112.866 -96003.67844337893 -79794.99857503097 0
R:103.842 -95974.96248524977 -79704.09987683213 0
R:107.175 -95949.32026768112 -79604.91112637232 0
R:116.905 -95910.21289889724 -79507.61742444518 0
R:126.472 -95854.67395215707 -79416.7824593629 0
R:135.496 -95787.18242337271 -79338.74833670388 0
R:145.861 -95699.99562397112 -79267.45017328802 0
R:155.639 -95609.20229288543 -79216.35745740937 0
R:164.678 -95515.5450983223 -79182.26205361648 0
R:168.842 -95217.49574749883 -79120.95574523848 0
R:168.830 -95119.7482582007 -79101.58624072539 0
R:168.814 -95021.892003783 -79082.19698087046 0
R:168.755 -94923.4651323849 -79062.68958417184 0
R:168.757 -94725.55451088659 -79023.44946061667 0
R:168.755 -94628.52513238491 -79004.18958417184 0
R:168.828 -94529.04887586822 -78984.47636270076 0
R:168.811 -94334.02262245506 -78945.86710323302 0
R:168.845 -94236.48513053874 -78926.60562356001 0
R:168.814 -94138.23200378302 -78907.20698087047 0
R:164.814 -94043.84540144687 -78886.61395516565 0
R:148.619 -93957.65951434038 -78850.99163635506 0
R:132.934 -93889.82786227787 -78796.10504106959 0
R:115.162 -93836.98639620323 -78718.31262083907 0
R:99.222 -93811.34196844915 -78637.75659276193 0
R:85.943 -93808.19742341137 -78543.28974456777 0
R:83.916 -93817.93677923703 -78445.56781659038 0
R:84.117 -93828.70153137814 -78344.302477473 0
R:92.752 -93833.15501244804 -78239.30593932664 0
R:107.352 -93814.20835536595 -78132.9627951934 0
R:121.826 -93769.6554728286 -78035.31452554576 0
R:132.102 -93704.51535257744 -77951.30408503616 0
R:132.609 -93636.91788040225 -77877.75911001043 0
R:133.926 -93567.60302002366 -77803.16147151488 0
R:143.150 -93487.34635970452 -77731.3372707736 0
R:152.852 -93398.0017864802 -77675.11220379011 0
R:154.402 -92923.01662611318 -77550.51594306118 0
R:144.124 -92840.4683768809 -77500.30622889462 0
R:142.978 -92760.32753801771 -77440.28071059362 0
R:143.007 -92680.6023408045 -77380.2767931573 0
R:142.792 -92598.36122012249 -77318.33619788746 0
R:134.200 -92527.74985110792 -77258.78686724548 0
R:119.809 -92471.88995224617 -77184.84759508201 0
R:104.967 -92436.98894784386 -77100.94249660385 0
R:91.304 -92423.93663546766 -77010.26425260626 0
R:82.921 -92430.47090804555 -76914.97205230892 0
R:84.879 -92442.44811936603 -76815.16026069621 0
R:91.432 -92445.9359373732 -76712.62502032075 0
R:93.311 -92440.99830047372 -76609.8591892288 0
R:92.966 -92435.38258405402 -76511.38731041322 0
R:85.023 -92435.84099341098 -76414.74772765712 0
R:71.868 -92455.88448136544 -76317.84558897949 0
R:61.096 -92491.07056546934 -76237.87352843536 0
R:57.899 -92541.2424616526 -76154.98837812731 0
R:57.963 -92594.57014218705 -76069.81611964639 0
R:61.891 -92647.70671828475 -75981.58489769533 0
R:75.818 -92687.05378201278 -75881.61507126676 0
R:90.473 -92700.46955761634 -75771.53275364966 0
R:103.341 -92688.73916088254 -75675.5702118462 0
R:117.923 -92651.15647459692 -75575.11223346915 0
R:133.177 -92583.54023281709 -75480.01476612261 0
R:138.659 -92507.25699027747 -75408.68969273154 0
R:138.303 -92432.2874150243 -75342.76318726885 0
R:127.758 -92368.22783459924 -75277.1397163398 0
R:110.655 -92324.76438127279 -75198.40438899923 0
R:105.040 -92297.23466643327 -75104.85652245463 0
R:105.190 -92270.36582177825 -75005.26377688508 0
R:105.086 -92239.86200012872 -74892.16661519058 0
R:105.026 -92219.09548059327 -74815.19955387646 0
R:105.816 -92192.61787475823 -74718.11696894842 0
R:119.077 -92152.74159099009 -74618.19222743572 0
R:134.392 -92088.17938021048 -74530.44563826839 0
R:141.720 -92008.68347885965 -74461.19502678802 0
R:136.043 -91937.52346163717 -74401.69173413061 0
R:123.384 -91875.58499966077 -74326.11675022355 0
R:116.181 -91829.86628786274 -74245.10434593934 0
R:106.260 -91794.79 -74157.85 0
R:97.875 -91776.29740627935 -74065.3788746489 0
R:101.113 -91761.33622369032 -73962.42425516808 0
R:111.839 -91731.55705655155 -73860.96407752526 0
R:123.726 -91681.50215196938 -73766.91214922634 0
R:135.537 -91613.34586574163 -73684.9818962554 0
R:145.500 -91529.47335761767 -73617.42641215118 0
R:146.215 -91448.57909529092 -73563.51536297349 0
R:137.898 -91370.90591496385 -73505.29464742256 0
R:126.738 -91309.43790976233 -73437.31393697402 0
R:122.804 -91253.1268643487 -73352.97701515656 0
R:122.907 -91201.89415043453 -73273.83732909641 0
R:122.939 -91146.06022477013 -73187.60126634642 0
R:122.907 -91091.79415043454 -73103.89732909642 0
R:123.042 -91037.05746454594 -73019.52161044595 0
R:122.979 -90982.86533343306 -72936.01372253837 0
R:122.979 -90928.54533343305 -72852.40372253837 0
R:123.146 -90873.35466838749 -72767.50197678011 0
R:116.309 -90823.48343485189 -72685.24827663346 0
R:100.138 -90794.77701571007 -72600.90168426216 0
R:90.172 -90788.8899415004 -72507.29100017551 0
R:98.612 -90783.43341822542 -72401.15330024855 0
R:116.104 -90750.61397665206 -72296.17001143996 0
R:130.682 -90689.87839915253 -72206.7758058702 0
R:130.976 -90623.1548377498 -72133.22539092127 0
R:117.468 -90570.69445690118 -72058.20364243937 0
R:99.396 -90541.4855721825 -71970.57757257091 0
R:84.693 -90538.77426904844 -71882.3124553221 0
R:81.082 -90552.27283672916 -71786.90532745434 0
R:81.155 -90568.05539339935 -71685.8489668372 0
R:81.171 -90583.3959634609 -71587.51530016823 0
R:81.258 -90598.79898230359 -71488.46576662635 0
R:81.082 -90613.82283672916 -71391.95532745434 0
R:81.692 -90629.47356110206 -71290.60850892293 0
R:89.599 -90637.76968135241 -71188.8410205246 0
R:103.004 -90625.07659233408 -71080.30468999213 0
R:112.256 -90591.84148909646 -70979.58625446213 0
R:112.538 -90553.99710418124 -70889.06708426913 0
R:103.637 -90522.75353251366 -70797.1850601594 0
R:92.378 -90510.91880304675 -70703.23056009364 0
R:90.802 -90509.14872555019 -70605.79797233538 0
R:90.874 -90507.64848860736 -70504.77177304873 0
R:90.716 -90506.17898449399 -70405.33751269382 0
R:82.719 -90509.98516466217 -70309.47764326708 0
R:67.879 -90533.73310892207 -70221.41525561042 0
R:53.170 -90579.17545690523 -70141.6427188191 0
R:38.492 -90640.43126775863 -70078.05503739837 0
R:27.488 -90719.26024632705 -70028.25243443575 0
R:28.096 -90812.32236923714 -69981.74806849143 0
R:40.407 -90901.16678522294 -69923.24895402588 0
R:54.156 -90974.12797278461 -69844.44256393016 0
R:67.262 -91025.51968575806 -69751.02468261913 0
R:70.473 -91060.88232042825 -69655.48518631632 0
R:72.453 -91094.05510026446 -69559.96937360225 0
R:82.401 -91118.18582074824 -69455.72919273034 0
R:91.347 -91123.11641006709 -69350.28450799042 0
R:96.850 -91115.77721424517 -69246.27957411359 0
R:98.367 -91101.76162747368 -69146.28829739962 0
R:98.134 -91087.54921339336 -69049.27061242913 0
R:98.468 -91073.00826298454 -68950.09556195704 0
R:98.410 -91058.46022026078 -68851.22875439664 0
R:98.237 -91043.94587517939 -68752.18740614508 0
R:98.410 -91029.36022026077 -68653.46875439661 0
R:94.964 -91015.99124955239 -68553.87521778485 0
R:86.030 -91014.84880077363 -68477.70011471168 0
R:72.707 -91035.19233882429 -68370.5644333234 0
R:61.115 -91072.31269951515 -68284.27966175423 0
R:49.430 -91125.80492176575 -68207.41493466092 0
R:40.499 -91195.4726114619 -68140.11545961013 0
R:39.899 -91268.72868779924 -68078.82327858765 0
R:40.651 -91345.57884871765 -68014.34299150346 0
R:45.993 -91421.04025876588 -67943.69175846728 0
R:51.700 -91489.15214470311 -67865.69706171361 0
R:57.538 -91549.19866979189 -67781.11769897577 0
R:63.044 -91599.0976282855 -67693.39295093455 0
R:67.635 -91641.91209376165 -67597.84664144505 0
R:67.744 -91680.44148909647 -67503.51374553786 0
R:67.794 -91752.72583374487 -67326.54311571876 0
R:67.717 -91792.72920978129 -67228.41931151762 0
R:67.558 -91830.52542347393 -67135.82282165125 0
R:60.102 -91868.9499223652 -67054.01988039105 0
R:46.590 -91925.68395787336 -66977.43373716237 0
R:33.074 -91996.57444117682 -66918.18352580152 0
R:20.274 -92080.6347111633 -66876.53457163394 0
R:15.812 -92182.4021788939 -66845.3781161125 0
R:19.101 -92272.99399995193 -66818.08427793601 0
R:28.929 -92368.38850907612 -66776.12781409585 0
R:37.698 -92456.73946497274 -66717.5662046765 0
R:38.901 -92535.51376708085 -66654.52696135457 0
R:39.899 -92613.82868779925 -66590.95327858764 0
R:50.600 -92688.37549823786 -66516.8015431983 0
R:62.916 -92746.584421246 -66428.14884894382 0
R:74.987 -92785.25629412674 -66328.40741411217 0
R:79.718 -92806.29124374007 -66227.9403628126 0
R:73.128 -92828.7104149255 -66128.17307255184 0
R:61.135 -92865.14483182877 -66042.59579510745 0
R:50.083 -92915.14060293534 -65969.9118869032 0
R:45.972 -93057.32706542968 -65829.93506324566 0
R:56.409 -93123.34913773398 -65748.21234147818 0
R:67.725 -93174.64988279146 -65653.06766882245 0
R:75.418 -93207.14126505608 -65554.03288398642 0
R:76.732 -93230.48297242627 -65456.373670353794 0
R:76.777 -93253.59531768564 -65358.20370716034 0
R:76.777 -93276.74531768564 -65259.97370716034 0
R:76.735 -93299.57314357143 -65163.27294447832 0
R:76.099 -93322.52927284277 -65066.49313190881 0
R:69.939 -93350.05122960887 -64974.12935773845 0
R:42.862 -92983.22312149934 -65900.56886153473 0
R:67.031 -93387.20929741951 -64882.09305817861 0
R:61.122 -93428.31345769517 -64794.62828725865 0
R:48.832 -93480.34611392788 -64720.58756824049 0
R:36.420 -93548.2581263041 -64657.4909046623 0
R:27.590 -93629.13079671744 -64607.96171892069 0
R:23.110 -93717.32250940776 -64566.69677204532 0
R:18.906 -93809.41222746643 -64531.4086641458 0
R:14.787 -93903.92784929021 -64502.83948193393 0
R:10.939 -93996.28694967683 -64481.9037831105 0
R:6.821 -94093.39401704154 -64467.017982467274 0
R:2.636 -94191.56796502008 -64459.13624032716 0
R:0.029 -94290.9964999992 -64457.559998375 0
R:0.100 -94390.34274996517 -64457.51998009379 0
R:0.072 -94490.45624998731 -64457.36998984376 0
R:0.029 -94590.77649999919 -64457.189998375005 0
R:0.172 -94690.74899982451 -64457.02994150039 0
R:179.126 -94791.20827650886 -64431.21151214848 0
R:175.785 -94890.21554308999 -64435.5951653538 0
R:173.612 -94989.72631101753 -64445.44070495574 0
R:175.009 -95089.26095303109 -64456.119287848094 0
R:7.079 -95193.35205230892 -64482.03090804553 0
R:22.802 -95302.15805594866 -64453.41407244046 0
R:32.804 -95392.92298484345 -64403.626864348706 0
R:33.487 -95637.67280715854 -64241.74208639822 0
R:33.436 -95721.24303133834 -64186.4985474625 0
R:33.579 -95808.54008578495 -64128.750635549455 0
R:33.539 -95891.82257721313 -64073.5456164835 0
R:33.579 -95974.35008578494 -64018.90063554946 0
R:33.507 -96061.63656315804 -63961.16960060329 0
R:33.487 -96149.18280715853 -63903.25208639823 0
R:33.527 -96226.96031882512 -63851.777113156626 0
R:33.519 -96477.02882242414 -63686.29810447463 0
R:33.531 -96561.00108075477 -63630.726608288285 0
R:33.579 -96644.39008578494 -63575.54063554946 0
R:33.468 -96727.46905082824 -63520.57457054117 0
R:33.448 -96810.76529416874 -63465.44705303184 0
R:33.674 -96894.53810243907 -63409.89865330011 0
R:33.579 -96978.16008578494 -63354.620635549465 0
R:33.372 -97061.26098332781 -63299.62649287041 0
R:33.301 -97144.83743160461 -63244.59540703745 0
R:38.879 -97229.55982868839 -63185.490138130284 0
R:54.184 -97304.05174264274 -63107.967342640775 0
R:69.595 -97356.52425447071 -63010.6425426631 0
R:74.139 -97386.32507225123 -62913.582909792196 0
R:74.393 -97413.38069040731 -62817.93747219062 0
R:81.374 -97436.71293667583 -62716.43987661327 0
R:93.340 -97441.53792405843 -62609.932710667264 0
R:105.086 -97424.68200012873 -62504.96661519058 0
R:117.026 -97386.79038746978 -62405.49283265431 0
R:128.177 -97329.37943082048 -62315.79487500375 0
R:134.848 -97259.61673012657 -62239.44201844603 0
R:132.274 -97190.65922095414 -62168.93525367805 0
R:121.561 -97133.87713273919 -62094.355800540965 0
R:109.463 -97093.31713361047 -62008.90840956978 0
R:101.945 -97069.12852083419 -61916.75941868914 0
R:101.729 -97049.11858122666 -61820.30742172184 0
R:101.743 -97028.71793394642 -61721.484305865066 0
R:108.299 -97003.48259748056 -61621.22829846351 0
R:121.091 -96959.08247129196 -61523.516723383196 0
R:131.484 -96895.94887782792 -61438.74871329864 0
R:132.964 -96827.7832241866 -61364.550058376284 0
R:133.004 -96759.03696037474 -61290.593337469305 0
R:132.822 -96690.38510757881 -61216.75361366504 0
R:136.590 -96616.85373716237 -61139.71604212665 0
R:149.903 -96534.61897911364 -61077.492648697764 0
R:164.751 -96436.07915119395 -61036.387695382706 0
R:171.663 -96333.53487253979 -61016.29736980596 0
R:168.755 -96238.4051323849 -61001.19958417184 0
R:157.526 -96147.13952069095 -60973.84734566791 0
R:145.523 -96067.45894177485 -60930.67337851958 0
R:134.473 -95996.2465088752 -60870.88250950655 0
R:123.273 -95936.78885571894 -60796.33782113511 0
R:120.900 -95886.23485756264 -60713.70398676175 0
R:127.942 -95827.09229527 -60625.1368503269 0
R:139.501 -95753.2826114619 -60548.354540389875 0
R:150.916 -95665.68915315319 -60487.69917681563 0
R:156.235 -95572.6587601685 -60443.142294679354 0
R:152.115 -95483.30000201576 -60400.82941361425 0
R:148.997 -95398.43609155189 -60352.03718357287 0
R:148.921 -95313.07089328356 -60300.70609182107 0
R:149.004 -95227.30465669844 -60249.15632144712 0
R:149.004 -95141.92465669844 -60197.856321447114 0
R:148.972 -95056.05086596057 -60146.23005406752 0
R:148.424 -94970.49709879236 -60094.68464871749 0
R:140.436 -94892.64013063192 -60040.738052249275 0
R:128.423 -94826.8648150942 -59974.18104329157 0
R:117.020 -94776.46103194643 -59895.6240962541 0
R:105.829 -94743.86702209998 -59810.103960210225 0
R:101.889 -94721.28114720482 -59713.20186374635 0
R:101.920 -94700.45969678952 -59614.51498350418 0
R:101.962 -94680.02772294912 -59517.52564980199 0
R:101.917 -94659.38983540596 -59419.675640254136 0
R:101.976 -94638.70706361691 -59321.78253953437 0
R:101.962 -94617.82772294912 -59222.92564980199 0
R:101.861 -94597.57245622805 -59127.02808916212 0
R:101.889 -94576.54114720483 -59027.40186374635 0
R:102.900 -94555.73188859953 -58930.09771825612 0
R:110.823 -94526.660912755 -58829.89881841732 0
R:120.816 -94479.25457830288 -58731.35025591191 0
R:129.461 -94423.51678164481 -58652.39785656053 0
R:139.796 -94344.7715658216 -58573.20117212045 0
R:146.906 -94260.38820917843 -58511.96892904902 0
R:147.248 -94175.96313363081 -58457.50679226708 0
R:147.196 -94091.82298484344 -58403.17313565129 0
R:147.267 -94008.96935592778 -58349.76436306196 0
R:146.938 -93924.18215871483 -58295.07498807878 0
R:147.311 -93840.22097510562 -58240.87898046039 0
R:147.184 -93756.20528053747 -58186.68461569791 0
R:147.184 -93671.75528053747 -58132.18461569791 0
R:147.176 -93586.64676087105 -58077.255570439316 0
R:145.265 -93505.16716434984 -58023.98665238352 0
R:140.416 -93429.493657222 -57966.970966961395 0
R:132.132 -93358.08081214357 -57898.819063054216 0
R:124.755 -93298.54076975198 -57824.08911897915 0
R:117.596 -93248.59102174203 -57742.147869312284 0
R:110.551 -93209.1726799935 -57654.826463895624 0
R:103.751 -93180.94737049461 -57563.53977114247 0
R:96.445 -93164.48785143322 -57470.02085149849 0
R:90.401 -93159.4496815117 -57371.32900222942 0
R:90.172 -93159.2399415004 -57272.1510001755 0
R:95.696 -93155.76580487465 -57171.359669714766 0
R:107.443 -93133.27221045179 -57061.583183875344 0
R:119.256 -93092.38174686213 -56967.15667188669 0
R:131.036 -93031.21581231817 -56879.535010557665 0
R:138.832 -92956.63756824049 -56806.323886072125 0
R:139.360 -92880.32697766216 -56740.645402224705 0
R:139.257 -92805.06461472844 -56675.94056788897 0
R:139.400 -92728.92002019622 -56610.50943475379 0
R:139.369 -92653.00537149874 -56545.27402385021 0
R:139.329 -92577.4423250706 -56480.3099945285 0
R:139.268 -92500.72274891932 -56414.358960929334 0
R:139.268 -92428.36274891932 -56352.12896092934 0
R:139.309 -92350.13580055616 -56284.832981945234 0
R:139.318 -92273.8341941298 -56219.22160084747 0
R:139.349 -92198.26884871765 -56154.22700849652 0
R:139.217 -92122.48155743559 -56089.10655282342 0
R:139.197 -92046.38502747724 -56023.71954735995 0
R:139.278 -91971.34114206584 -55959.15757749287 0
R:139.349 -91894.87884871765 -55893.45700849652 0
R:139.430 -91819.16493466092 -55828.42507823425 0
R:139.349 -91743.34884871765 -55763.30700849652 0
R:139.441 -91667.34305928 -55698.05347283663 0
R:137.290 -91592.98777632673 -55633.17767982888 0
R:130.662 -91526.24138540002 -55564.24928114075 0
R:123.289 -91468.36689846237 -55486.77483932848 0
R:116.066 -91421.55779982096 -55403.69782078875 0
R:113.861 -91380.6989131469 -55313.6713172576 0
R:113.874 -91340.51771060794 -55222.77859937828 0
R:113.906 -91299.75477090482 -55130.79196236348 0
R:113.925 -91258.90303238328 -55038.62804197875 0
R:113.829 -91217.77184773653 -54945.707956834594 0
R:111.349 -91179.49792971338 -54856.55734344626 0
R:99.597 -91154.60808032041 -54767.21278591287 0
R:91.046 -91147.36783455206 -54672.362730201974 0
R:92.938 -91145.45290977055 -54571.57362631373 0
R:103.755 -91130.79718681418 -54465.09902067947 0
R:115.796 -91095.09449394849 -54364.982719610125 0
R:125.792 -91040.88482671992 -54275.62693289214 0
R:126.758 -90979.76518868127 -54195.200292760404 0
R:116.322 -90929.85214359223 -54115.645665718745 0
R:100.560 -90901.47983351194 -54029.41759461744 0
R:89.928 -90894.70998984377 -53935.1862499873 0
R:92.322 -90894.67933017011 -53833.653405533645 0
R:105.875 -90878.47421737786 -53726.23408271085 0
R:120.399 -90835.63282377495 -53627.17181005202 0
R:123.901 -90783.61008058873 -53547.61919584536 0
R:115.816 -90732.49260454602 -53460.70881224128 0
R:107.923 -90698.60911463079 -53373.03937464255 0
R:107.384 -90668.69621384518 -53277.91594824601 0
R:107.488 -90638.5291262417 -53181.873381456746 0
R:107.488 -90608.5891262417 -53086.35338145675 0
R:107.366 -90578.58742990531 -52990.719834649826 0
R:110.125 -90547.24626742079 -52894.50707750439 0
R:119.173 -90503.78099117393 -52799.16320275145 0
R:126.993 -90443.8732068427 -52710.247659195506 0
R:126.695 -90384.22374388622 -52630.93175931149 0
R:126.921 -90324.23297614224 -52551.22064363045 0
R:126.503 -90264.279696096 -52471.12670500359 0
R:117.699 -90213.65020618189 -52390.45722301832 0
R:110.093 -90176.90875055511 -52302.19385962121 0
R:109.939 -90143.2807271549 -52208.08673621295 0
R:115.386 -90105.40468487375 -52113.19663681281 0
R:125.486 -90052.1853383218 -52021.8534370331 0
R:134.980 -89985.76563807139 -51943.01086290993 0
R:142.242 -89904.6202836602 -51873.30216540077 0
R:142.680 -89824.74140122584 -51812.31155162912 0
R:142.620 -89746.06226582364 -51752.22984316823 0
R:142.629 -89666.08069794001 -51691.128645489596 0
R:142.597 -89586.00636892616 -51630.042979239784 0
R:142.649 -89507.46707740886 -51570.095881268986 0
R:142.660 -89427.7950233858 -51509.284313946075 0
R:142.649 -89348.54707740886 -51448.78588126899 0
R:142.577 -89268.24998719433 -51387.46574688757 0
R:142.405 -89188.95095152342 -51326.85951418946 0
R:137.148 -89114.39137494072 -51265.04951789479 0
R:130.081 -89048.58679524771 -51196.01973929318 0
R:122.598 -88991.94218341802 -51118.59645244337 0
R:115.066 -88945.84564473861 -51034.75235159163 0
R:107.579 -88911.23293434123 -50946.44378319323 0
R:104.300 -88884.55718895925 -50849.938951833916 0
R:104.314 -88859.97641073795 -50753.93590035608 0
R:104.345 -88834.94465291155 -50656.50901908766 0
R:98.975 -88813.34083948491 -50560.34198586723 0
R:84.060 -88810.78019968119 -50472.12533869515 0
R:71.986 -88831.4127739951 -50381.02017650682 0
R:70.623 -88864.0336075032 -50287.71322744679 0
R:76.572 -88894.05459544309 -50188.69897434249 0
R:86.274 -88909.50251473208 -50083.454903264115 0
R:90.072 -88911.24998984377 -49981.7037500127 0
R:84.289 -88914.80548347272 -49884.863548347275 0
R:75.078 -88931.14159348577 -49791.86759153695 0
R:65.511 -88963.19053090698 -49703.33874182521 0
R:62.436 -89007.16438583712 -49616.05569040736 0
R:62.640 -89053.61582294072 -49526.5044432897 0
R:62.544 -89099.01578688549 -49438.93379853955 0
R:64.377 -89145.15152333351 -49348.231911662595 0
R:70.111 -89185.7646034235 -49252.6625638648 0
R:76.158 -89216.08248524978 -49153.52012316788 0
R:81.939 -89235.94154382906 -49051.793008353474 0
R:87.994 -89245.23203685424 -48947.98494876428 0
R:92.164 -89244.50073310187 -48846.44923174922 0
R:92.967 -89239.48257534941 -48744.98714243933 0
R:92.837 -89234.46406283852 -48645.79648449511 0
R:92.895 -89229.43341365279 -48545.56351700679 0
R:92.923 -89224.30308422829 -48443.987033996855 0
R:92.852 -89219.71390175023 -48353.483242440976 0
R:92.880 -89214.26357715728 -48246.51675869621 0
R:92.895 -89209.18341365279 -48146.56351700679 0
R:92.953 -89204.1327429626 -48046.7903843139 0
R:95.163 -89197.83724908133 -47952.9400678541 0
R:97.093 -89185.71051024974 -47845.00474759109 0
R:97.093 -89173.25051024975 -47745.64474759109 0
R:97.065 -89160.78130507196 -47646.0411480868 0
R:97.194 -89148.40765320815 -47547.27195156027 0
R:97.093 -89135.95051024975 -47448.02474759109 0
R:97.123 -89123.36966239268 -47347.857948463905 0
R:97.109 -89110.9500619232 -47248.89114873974 0
R:97.152 -89098.4688610246 -47149.721548805675 0
R:98.424 -89085.5397496851 -47050.40557409263 0
R:103.960 -89065.35604701319 -46948.78386260491 0
R:109.979 -89034.94759909587 -46849.4781228819 0
R:115.662 -88995.00777011308 -46754.440269671046 0
R:121.516 -88945.55236805134 -46663.42433091046 0
R:127.311 -88886.95964258541 -46577.58016553437 0
R:132.437 -88821.18432831153 -46499.137949826276 0
R:132.913 -88753.34110382038 -46426.06852656098 0
R:132.913 -88685.17110382036 -46352.81852656098 0
R:128.514 -88621.48187031715 -46279.96475113099 0
R:121.099 -88566.88160447768 -46200.635286174926 0
R:113.656 -88523.20765728767 -46115.813900123714 0
R:106.510 -88490.54401483643 -46025.88563480996 0
R:104.728 -88464.69289455787 -45930.23510628965 0
R:104.745 -88439.40188477753 -45833.88126713973 0
R:104.578 -88414.06147098534 -45737.267907726695 0
R:104.745 -88388.44188477752 -45639.75126713973 0
R:104.804 -88363.16846760144 -45543.56831034687 0
R:104.700 -88337.56449127538 -45446.06118670341 0
R:104.700 -88312.12449127538 -45349.20118670341 0
R:104.328 -88286.74563187378 -45252.312849444 0
R:96.906 -88268.02566853321 -45159.67675986792 0
R:84.924 -88266.95900799242 -45065.93030083546 0
R:79.659 -88282.13885031294 -44966.8335183036 0
R:80.907 -88299.2666470665 -44870.93438362776 0
R:90.988 -88307.9580662753 -44764.86578335675 0
R:102.827 -88295.37557675186 -44659.27386867804 0
R:113.919 -88260.99356673771 -44557.07924658229 0
R:121.003 -88211.83281642714 -44466.903908448105 0
R:121.150 -88160.25555315486 -44381.025264540636 0
R:120.598 -88108.90990910765 -44295.25290591253 0
R:120.637 -88058.0353736749 -44209.86524221173 0
R:120.757 -88008.40141951684 -44126.27173812348 0
R:120.502 -87955.72096462188 -44037.84163720766 0
R:118.725 -87905.01019667351 -43951.4721591085 0
R:107.230 -87867.81659482302 -43866.36926331712 0
R:96.676 -87848.70186507075 -43775.97879505212 0
R:85.239 -87847.28513967582 -43681.56905327957 0
R:73.187 -87864.97429277733 -43590.02026292593 0
R:65.588 -87900.03776781884 -43501.59282542684 0
R:65.325 -87941.5129655713 -43410.58713961598 0
R:58.245 -87985.3340010067 -43325.19171482479 0
R:46.702 -88041.73135022345 -43251.81531558328 0
R:38.280 -88112.72347885964 -43189.304973211976 0
R:39.349 -88192.88252934192 -43126.44289560512 0
R:49.461 -88267.63950603704 -43054.23957753168 0
R:61.270 -88329.23957763519 -42965.26897029432 0
R:73.083 -88370.84742935166 -42866.9129024733 0
R:81.444 -88392.89533692859 -42764.14398874147 0
R:82.068 -88406.51563575196 -42666.38387958987 0
R:81.965 -88420.4923812085 -42566.32708613524 0
R:81.939 -88434.53154382906 -42466.53300835347 0
R:81.880 -88448.40966820814 -42367.89620266101 0
R:77.920 -88464.95214443983 -42271.65054842652 0
R:71.628 -88490.07742428235 -42179.03731156704 0
R:66.389 -88524.72176035542 -42090.06672308032 0
R:64.883 -88567.2307319848 -41997.58813995311 0
R:64.819 -88609.24455736685 -41908.07129188906 0
R:64.800 -88652.24271678801 -41816.49520494335 0
R:64.941 -88694.58630862398 -41726.37622876319 0
R:67.847 -88735.98037820957 -41633.93196823435 0
R:73.305 -88770.37201005152 -41536.104627916786 0
R:79.207 -88794.51003139021 -41436.14439895934 0
R:82.617 -88809.76223230669 -41335.51043292302 0
R:82.632 -88822.45264605345 -41236.51723655796 0
R:82.603 -88835.29181779412 -41136.973628980086 0
R:82.690 -88848.24434600327 -41036.91403783157 0
R:79.965 -88863.26113796023 -40933.485141700505 0
R:74.188 -88883.65811611249 -40845.172178893896 0
R:68.348 -88914.23270709836 -40754.74668522786 0
R:62.269 -88954.78682649408 -40665.99921019928 0
R:59.203 -89003.01686041513 -40581.21591680156 0
R:59.191 -89054.34543101826 -40495.348314364506 0
R:55.388 -89109.00925143536 -40407.374173530116 0
R:46.226 -89164.95692905862 -40338.78364013337 0
R:42.883 -89235.68648755964 -40270.95573660444 0
R:45.993 -89309.51025876588 -40200.571758467275 0
R:57.692 -89377.88749291914 -40114.67802125441 0
R:69.957 -89424.40265850049 -40020.68544300271 0
R:76.540 -89452.822950018 -39922.145857703545 0
R:76.554 -89476.26368540106 -39823.782783399234 0
R:76.600 -89499.14606220351 -39728.01282438002 0
R:75.200 -89522.51867972167 -39631.250886937836 0
R:64.915 -89554.79381365112 -39539.461561676035 0
R:58.213 -89600.6701902721 -39457.747867912745 0
R:54.514 -89653.69533832179 -39376.426562966895 0
R:42.690 -89715.02440106438 -39306.385434782176 0
R:34.405 -89790.49555093698 -39248.1158044655 0
R:37.105 -89875.40257620894 -39189.15793125011 0
R:51.119 -89956.2998305321 -39112.72021016895 0
R:64.755 -90013.2383677191 -39022.30443762543 0
R:79.600 -90046.07644303494 -38919.32667307353 0
R:93.540 -90051.78519926962 -38813.8873768546 0
R:100.894 -90037.16571277469 -38712.963055280634 0
R:97.441 -90019.66051516804 -38615.03636740871 0
R:86.904 -90016.33103061048 -38520.59202869601 0
R:84.520 -90024.96059095542 -38423.06141279382 0
R:81.937 -90035.12147990303 -38324.70345965293 0
R:69.513 -90056.657746575 -38235.48999872032 0
R:56.461 -90100.1656164835 -38153.14257721312 0
R:54.629 -90156.97045446122 -38072.1953149579 0
R:54.442 -90215.63589924773 -37989.74978538729 0
R:54.462 -90273.2885351257 -37908.836096518346 0
R:57.196 -90330.8168643487 -37825.732984843446 0
R:69.939 -90381.20122960888 -37727.46935773845 0
R:83.915 -90404.86674272102 -37625.8781591435 0
R:98.410 -90402.49022026078 -37518.10875439663 0
R:103.741 -90381.72793712618 -37420.522087446625 0
R:103.710 -90357.23961840323 -37320.13897111522 0
R:103.724 -90333.8488697562 -37224.05590391183 0
R:103.682 -90310.13111372787 -37126.715107157346 0
R:103.637 -90286.51353251367 -37029.65506015941 0
R:103.724 -90262.6588697562 -36931.825903911835 0
R:104.300 -90238.55718895925 -36833.618951833916 0
R:108.738 -90212.50093498305 -36743.81377205565 0
R:113.752 -90170.49890371399 -36638.563962337284 0
R:114.060 -90130.74055485742 -36549.310006851236 0
R:114.143 -90091.54287220344 -36461.63283317127 0
R:114.079 -90049.00880416634 -36366.33608751383 0
R:114.060 -90008.27055485742 -36275.200006851235 0
R:114.066 -89967.29001455866 -36183.44879689343 0
R:114.098 -89926.75705173863 -36092.76216776521 0
R:114.047 -89885.17176438058 -35999.602716687565 0
R:114.079 -89845.00880416634 -35909.61608751383 0
R:114.092 -89804.33759340268 -35818.50337896315 0
R:114.092 -89763.56759340268 -35727.25337896315 0
R:114.066 -89722.76001455866 -35635.94879689343 0
R:114.175 -89682.11990045925 -35544.92620801528 0
R:114.175 -89641.11990045925 -35453.236208015274 0
R:114.002 -89600.16592865453 -35361.47205913494 0
R:114.092 -89559.43759340269 -35270.22337896315 0
R:114.124 -89518.07462810415 -35177.67675241022 0
R:114.015 -89477.51472074701 -35086.7793471877 0
R:114.092 -89436.88759340269 -34995.79337896315 0
R:114.111 -89398.32584010657 -34909.47945967293 0
R:114.066 -89355.15001455866 -34812.808796893434 0
R:114.060 -89319.35055485742 -34732.620006851226 0
R:114.002 -89274.01592865454 -34631.01205913494 0
R:114.092 -89232.81759340268 -34538.79337896315 0
R:114.092 -89192.33759340268 -34448.03337896315 0
R:114.066 -89150.29001455866 -34353.888796893436 0
R:114.047 -89110.45176438057 -34264.65271668756 0
R:114.098 -89073.90705173863 -34182.78216776521 0
R:114.002 -89028.83592865455 -34081.912059134935 0
R:114.047 -88988.27176438057 -33991.002716687566 0
R:114.079 -88947.14880416634 -33898.98608751383 0
R:113.983 -88906.21767326348 -33807.37597900782 0
R:113.989 -88865.81713618821 -33716.78477190968 0
R:115.085 -88824.90381365112 -33626.138438323964 0
R:121.620 -88774.87010714284 -33532.15437619538 0
R:128.790 -88716.08287938013 -33449.0859988048 0
R:133.146 -88647.42499726571 -33371.53984663409 0
R:133.470 -88579.73448082632 -33299.88625517258 0
R:133.420 -88509.59242270369 -33225.6346402711 0
R:133.410 -88440.06395787335 -33151.94626283763 0
R:133.348 -88374.80351467394 -33082.77637627924 0
R:133.349 -88310.65342374779 -33014.78627995482 0
R:135.709 -88233.21792576325 -32935.02455730033 0
R:139.817 -88157.2280672994 -32866.3382163243 0
R:143.365 -88076.8172969386 -32803.28810926983 0
R:143.580 -87996.10812630411 -32743.779095337704 0
R:143.663 -87915.96293715408 -32684.817905691783 0
R:143.703 -87834.39561522886 -32624.82252386071 0
R:143.571 -87754.72967907102 -32566.250241157646 0
R:142.824 -87674.42553034925 -32506.861880338012 0
R:137.827 -87598.86774448145 -32444.63535022606 0
R:131.717 -87530.8037601165 -32375.939159601436 0
R:125.919 -87469.63802322022 -32300.153681945103 0
R:123.789 -87414.82414002244 -32220.310161939877 0
R:123.952 -87359.00354043835 -32136.879472772973 0
R:123.829 -87303.93912299412 -32054.72267020526 0
R:123.766 -87246.45714365263 -31968.92465252938 0
R:123.714 -87191.55365263975 -31887.00439769756 0
R:123.797 -87135.57313470243 -31803.388659833665 0
R:123.726 -87080.44215196939 -31721.17214922633 0
R:123.889 -87026.42158513049 -31640.461435288864 0
R:127.563 -86969.84483688672 -31559.964702735055 0
R:136.479 -86901.88203428635 -31484.443384375296 0
R:140.691 -86816.18545341835 -31411.161306894322 0
R:135.233 -86742.09493845131 -31346.150314092407 0
R:126.257 -86682.62285170116 -31277.031708888735 0
R:116.571 -86632.16690331786 -31193.594923109962 0
R:106.863 -86598.0410438136 -31106.739001613856 0
R:97.107 -86578.79011168478 -31015.601547787413 0
R:87.378 -86574.96638924823 -30921.02472203014 0
R:78.302 -86586.69000733655 -30827.27569975745 0
R:75.655 -86609.63465291154 -30731.510980912346 0
R:75.714 -86634.87796653731 -30632.827996122895 0
R:75.641 -86659.26387239729 -30537.334031333707 0
R:75.658 -86685.55485236719 -30434.52020090193 0
R:75.641 -86708.8438723973 -30343.484031333704 0
R:75.582 -86733.79054249315 -30245.90701092493 0
R:75.550 -86758.80877136627 -30147.923892027768 0
R:75.658 -86783.43485236718 -30051.89020090193 0
R:78.274 -86807.13871548674 -29953.721931501335 0
R:88.983 -86819.50795155368 -29848.57077133291 0
R:101.113 -86810.20622369031 -29742.454255168093 0
R:112.578 -86779.25365007998 -29640.748769214173 0
R:117.404 -86734.76115322609 -29547.98654094925 0
R:113.334 -86690.41674576732 -29457.78081555135 0
R:102.049 -86661.43361502167 -29369.13633217201 0
R:89.499 -86651.74950237233 -29276.81374564576 0
R:80.592 -86660.78513514136 -29183.375066729783 0
R:79.558 -86678.19470857113 -29086.376104146944 0
R:79.791 -86695.56419052496 -28990.304059202997 0
R:79.760 -86712.45295271068 -28896.51092209789 0
R:79.089 -86730.59499284672 -28796.520682349113 0
R:74.487 -86756.67643086771 -28698.006856297914 0
R:79.878 -86780.05767897524 -28597.92460343311 0
R:169.033 -95415.55321522066 -79160.19742947239 0
R:168.814 -95315.062003783 -79140.32698087046 0
R:151.821 -97281.83905873293 -81403.00085701837 0
R:168.757 -94823.67451088659 -79042.89946061667 0
R:168.887 -94431.49574483192 -78965.13377630968 0
